
Processing test.c...
nSignal_init = 100000
test
test
[#0] WARNING:InputArguments -- RooAbsPdf::fitTo(signal) WARNING: a likelihood fit is request of what appears to be weighted data. 
       While the estimated values of the parameters will always be calculated taking the weights into account, 
       there are multiple ways to estimate the errors on these parameter values. You are advised to make an 
       explicit choice on the error calculation: 
           - Either provide SumW2Error(kTRUE), to calculate a sum-of-weights corrected HESSE error matrix 
             (error will be proportional to the number of events)
           - Or provide SumW2Error(kFALSE), to return errors from original HESSE error matrix
             (which will be proportional to the sum of the weights)
       If you want the errors to reflect the information contained in the provided dataset, choose kTRUE. 
       If you want the errors to reflect the precision you would be able to obtain with an unweighted dataset 
       with 'sum-of-weights' events, choose kFALSE.
 **********
 **   13 **MIGRAD        2500           1
 **********
 FIRST CALL TO USER FUNCTION AT NEW START POINT, WITH IFLAG=4.
 START MIGRAD MINIMIZATION.  STRATEGY  1.  CONVERGENCE WHEN EDM .LT. 1.00e-03
 FCN=20474.1 FROM MIGRAD    STATUS=INITIATE       20 CALLS          21 TOTAL
                     EDM= unknown      STRATEGY= 1      NO ERROR MATRIX       
  EXT PARAMETER               CURRENT GUESS       STEP         FIRST   
  NO.   NAME      VALUE            ERROR          SIZE      DERIVATIVE 
   1  sg_p0        5.45000e+02   7.00000e+00   2.01358e-01   5.07174e+02
   2  sg_p1        2.35000e+01   3.30000e+00   2.01358e-01   5.94014e+01
   3  sg_p2        4.95000e+02   1.90000e+01   2.01358e-01  -9.02149e+02
   4  sg_p3        5.50000e+01   9.00000e+00   2.01358e-01   3.92576e+02
   5  sg_p4        5.00000e-01   1.00000e-01   2.01358e-01  -5.54746e+02
                               ERR DEF= 0.5
 MIGRAD MINIMIZATION HAS CONVERGED.
 MIGRAD WILL VERIFY CONVERGENCE AND ERROR MATRIX.
 COVARIANCE MATRIX CALCULATED SUCCESSFULLY
 FCN=20087.2 FROM MIGRAD    STATUS=CONVERGED     293 CALLS         294 TOTAL
                     EDM=2.38221e-05    STRATEGY= 1      ERROR MATRIX ACCURATE 
  EXT PARAMETER                                   STEP         FIRST   
  NO.   NAME      VALUE            ERROR          SIZE      DERIVATIVE 
   1  sg_p0        5.31487e+02   5.32162e-01   1.51230e-03   1.42028e-02
   2  sg_p1        2.98204e+01   4.47933e-01   2.42219e-03   7.73048e-03
   3  sg_p2        4.57724e+02   1.56211e+01   1.09347e-02  -8.53008e-03
   4  sg_p3        8.95652e+01   1.08014e+01   3.54792e-02   1.21216e-02
   5  sg_p4        9.54096e-01   8.70766e-03   2.37118e-03  -9.01545e-02
                               ERR DEF= 0.5
 EXTERNAL ERROR MATRIX.    NDIM=  25    NPAR=  5    ERR DEF=0.5
  2.832e-01 -4.050e-02  7.504e-01 -1.728e+00 -9.374e-04 
 -4.050e-02  2.007e-01 -3.095e+00  6.692e-01  2.076e-03 
  7.504e-01 -3.095e+00  2.467e+02 -1.356e+01 -1.062e-01 
 -1.728e+00  6.692e-01 -1.356e+01  1.226e+02  1.630e-02 
 -9.374e-04  2.076e-03 -1.062e-01  1.630e-02  7.587e-05 
 PARAMETER  CORRELATION COEFFICIENTS  
       NO.  GLOBAL      1      2      3      4      5
        1  0.34824   1.000 -0.170  0.090 -0.293 -0.202
        2  0.53901  -0.170  1.000 -0.440  0.135  0.532
        3  0.78111   0.090 -0.440  1.000 -0.078 -0.776
        4  0.32107  -0.293  0.135 -0.078  1.000  0.169
        5  0.81348  -0.202  0.532 -0.776  0.169  1.000
 **********
 **   18 **HESSE        2500
 **********
 COVARIANCE MATRIX CALCULATED SUCCESSFULLY
 FCN=20087.2 FROM HESSE     STATUS=OK             31 CALLS         325 TOTAL
                     EDM=2.38806e-05    STRATEGY= 1      ERROR MATRIX ACCURATE 
  EXT PARAMETER                                INTERNAL      INTERNAL  
  NO.   NAME      VALUE            ERROR       STEP SIZE       VALUE   
   1  sg_p0        5.31487e+02   5.34249e-01   6.04920e-05  -3.96390e-01
   2  sg_p1        2.98204e+01   4.49790e-01   9.68875e-05   3.93104e-01
   3  sg_p2        4.57724e+02   1.57210e+01   4.37390e-04  -4.03212e-01
   4  sg_p3        8.95652e+01   1.08586e+01   1.41917e-03   8.75892e-01
   5  sg_p4        9.54096e-01   8.77545e-03   4.74236e-04   1.13895e+00
                               ERR DEF= 0.5
 EXTERNAL ERROR MATRIX.    NDIM=  25    NPAR=  5    ERR DEF=0.5
  2.854e-01 -4.220e-02  8.178e-01 -1.810e+00 -9.783e-04 
 -4.220e-02  2.024e-01 -3.172e+00  7.162e-01  2.121e-03 
  8.178e-01 -3.172e+00  2.499e+02 -1.585e+01 -1.082e-01 
 -1.810e+00  7.162e-01 -1.585e+01  1.240e+02  1.767e-02 
 -9.783e-04  2.121e-03 -1.082e-01  1.767e-02  7.705e-05 
 PARAMETER  CORRELATION COEFFICIENTS  
       NO.  GLOBAL      1      2      3      4      5
        1  0.35795   1.000 -0.176  0.097 -0.304 -0.209
        2  0.54441  -0.176  1.000 -0.446  0.143  0.537
        3  0.78430   0.097 -0.446  1.000 -0.090 -0.780
        4  0.33330  -0.304  0.143 -0.090  1.000  0.181
        5  0.81668  -0.209  0.537 -0.780  0.181  1.000
550
531.487 +- 0.534249
29.8204 +- 0.44979
[#0] WARNING:InputArguments -- RooAbsPdf::fitTo(signal) WARNING: a likelihood fit is request of what appears to be weighted data. 
       While the estimated values of the parameters will always be calculated taking the weights into account, 
       there are multiple ways to estimate the errors on these parameter values. You are advised to make an 
       explicit choice on the error calculation: 
           - Either provide SumW2Error(kTRUE), to calculate a sum-of-weights corrected HESSE error matrix 
             (error will be proportional to the number of events)
           - Or provide SumW2Error(kFALSE), to return errors from original HESSE error matrix
             (which will be proportional to the sum of the weights)
       If you want the errors to reflect the information contained in the provided dataset, choose kTRUE. 
       If you want the errors to reflect the precision you would be able to obtain with an unweighted dataset 
       with 'sum-of-weights' events, choose kFALSE.
 **********
 **   13 **MIGRAD        2500           1
 **********
 FIRST CALL TO USER FUNCTION AT NEW START POINT, WITH IFLAG=4.
 START MIGRAD MINIMIZATION.  STRATEGY  1.  CONVERGENCE WHEN EDM .LT. 1.00e-03
 FCN=20306.4 FROM MIGRAD    STATUS=INITIATE       20 CALLS          21 TOTAL
                     EDM= unknown      STRATEGY= 1      NO ERROR MATRIX       
  EXT PARAMETER               CURRENT GUESS       STEP         FIRST   
  NO.   NAME      VALUE            ERROR          SIZE      DERIVATIVE 
   1  sg_p0        5.45000e+02   7.00000e+00   2.01358e-01   3.00053e+02
   2  sg_p1        2.35000e+01   3.30000e+00   2.01358e-01   7.48703e+01
   3  sg_p2        4.95000e+02   1.90000e+01   2.01358e-01  -9.55356e+02
   4  sg_p3        5.50000e+01   9.00000e+00   2.01358e-01   2.98032e+02
   5  sg_p4        5.00000e-01   1.00000e-01   2.01358e-01  -6.39572e+02
                               ERR DEF= 0.5
 MIGRAD MINIMIZATION HAS CONVERGED.
 MIGRAD WILL VERIFY CONVERGENCE AND ERROR MATRIX.
 COVARIANCE MATRIX CALCULATED SUCCESSFULLY
 FCN=19957.6 FROM MIGRAD    STATUS=CONVERGED     292 CALLS         293 TOTAL
                     EDM=4.51479e-06    STRATEGY= 1      ERROR MATRIX ACCURATE 
  EXT PARAMETER                                   STEP         FIRST   
  NO.   NAME      VALUE            ERROR          SIZE      DERIVATIVE 
   1  sg_p0        5.33845e+02   5.50540e-01   1.48402e-03   3.91502e-02
   2  sg_p1        2.97723e+01   4.71570e-01   2.44878e-03   2.61411e-02
   3  sg_p2        4.60591e+02   1.38428e+01   8.85082e-03  -6.68765e-03
   4  sg_p3        8.05212e+01   8.20745e+00   2.03850e-02   9.33536e-03
   5  sg_p4        9.47592e-01   1.00547e-02   2.37122e-03  -3.27058e-02
                               ERR DEF= 0.5
 EXTERNAL ERROR MATRIX.    NDIM=  25    NPAR=  5    ERR DEF=0.5
  3.031e-01 -5.910e-02  9.827e-01 -1.368e+00 -1.430e-03 
 -5.910e-02  2.224e-01 -3.125e+00  3.654e-01  2.724e-03 
  9.827e-01 -3.125e+00  1.932e+02  9.312e+00 -1.123e-01 
 -1.368e+00  3.654e-01  9.312e+00  6.849e+01  4.927e-03 
 -1.430e-03  2.724e-03 -1.123e-01  4.927e-03  1.012e-04 
 PARAMETER  CORRELATION COEFFICIENTS  
       NO.  GLOBAL      1      2      3      4      5
        1  0.39978   1.000 -0.228  0.128 -0.300 -0.258
        2  0.58300  -0.228  1.000 -0.477  0.094  0.574
        3  0.81557   0.128 -0.477  1.000  0.081 -0.803
        4  0.35284  -0.300  0.094  0.081  1.000  0.059
        5  0.84274  -0.258  0.574 -0.803  0.059  1.000
 **********
 **   18 **HESSE        2500
 **********
 COVARIANCE MATRIX CALCULATED SUCCESSFULLY
 FCN=19957.6 FROM HESSE     STATUS=OK             31 CALLS         324 TOTAL
                     EDM=4.5264e-06    STRATEGY= 1      ERROR MATRIX ACCURATE 
  EXT PARAMETER                                INTERNAL      INTERNAL  
  NO.   NAME      VALUE            ERROR       STEP SIZE       VALUE   
   1  sg_p0        5.33845e+02   5.51808e-01   2.96804e-04  -3.24384e-01
   2  sg_p1        2.97723e+01   4.73610e-01   9.79512e-05   3.89948e-01
   3  sg_p2        4.60591e+02   1.39421e+01   3.54033e-04  -3.70629e-01
   4  sg_p3        8.05212e+01   8.22375e+00   8.15398e-04   6.03025e-01
   5  sg_p4        9.47592e-01   1.01305e-02   4.74244e-04   1.10884e+00
                               ERR DEF= 0.5
 EXTERNAL ERROR MATRIX.    NDIM=  25    NPAR=  5    ERR DEF=0.5
  3.045e-01 -6.047e-02  1.021e+00 -1.394e+00 -1.460e-03 
 -6.047e-02  2.244e-01 -3.200e+00  3.711e-01  2.779e-03 
  1.021e+00 -3.200e+00  1.960e+02  9.327e+00 -1.144e-01 
 -1.394e+00  3.711e-01  9.327e+00  6.877e+01  5.012e-03 
 -1.460e-03  2.779e-03 -1.144e-01  5.012e-03  1.027e-04 
 PARAMETER  CORRELATION COEFFICIENTS  
       NO.  GLOBAL      1      2      3      4      5
        1  0.40458   1.000 -0.231  0.132 -0.305 -0.261
        2  0.58785  -0.231  1.000 -0.483  0.094  0.579
        3  0.81850   0.132 -0.483  1.000  0.080 -0.806
        4  0.35705  -0.305  0.094  0.080  1.000  0.060
        5  0.84530  -0.261  0.579 -0.806  0.060  1.000
550
533.845 +- 0.551808
29.7723 +- 0.47361
[#0] WARNING:InputArguments -- RooAbsPdf::fitTo(signal) WARNING: a likelihood fit is request of what appears to be weighted data. 
       While the estimated values of the parameters will always be calculated taking the weights into account, 
       there are multiple ways to estimate the errors on these parameter values. You are advised to make an 
       explicit choice on the error calculation: 
           - Either provide SumW2Error(kTRUE), to calculate a sum-of-weights corrected HESSE error matrix 
             (error will be proportional to the number of events)
           - Or provide SumW2Error(kFALSE), to return errors from original HESSE error matrix
             (which will be proportional to the sum of the weights)
       If you want the errors to reflect the information contained in the provided dataset, choose kTRUE. 
       If you want the errors to reflect the precision you would be able to obtain with an unweighted dataset 
       with 'sum-of-weights' events, choose kFALSE.
 **********
 **   13 **MIGRAD        2500           1
 **********
 FIRST CALL TO USER FUNCTION AT NEW START POINT, WITH IFLAG=4.
 START MIGRAD MINIMIZATION.  STRATEGY  1.  CONVERGENCE WHEN EDM .LT. 1.00e-03
 FCN=20361.9 FROM MIGRAD    STATUS=INITIATE       20 CALLS          21 TOTAL
                     EDM= unknown      STRATEGY= 1      NO ERROR MATRIX       
  EXT PARAMETER               CURRENT GUESS       STEP         FIRST   
  NO.   NAME      VALUE            ERROR          SIZE      DERIVATIVE 
   1  sg_p0        5.45000e+02   7.00000e+00   2.01358e-01   7.00402e+02
   2  sg_p1        2.35000e+01   3.30000e+00   2.01358e-01   2.42051e+01
   3  sg_p2        4.95000e+02   1.90000e+01   2.01358e-01  -8.13221e+02
   4  sg_p3        5.50000e+01   9.00000e+00   2.01358e-01   4.85542e+02
   5  sg_p4        5.00000e-01   1.00000e-01   2.01358e-01  -4.37084e+02
                               ERR DEF= 0.5
 MIGRAD MINIMIZATION HAS CONVERGED.
 MIGRAD WILL VERIFY CONVERGENCE AND ERROR MATRIX.
 MINUIT WARNING IN HESSE   
 ============== Negative diagonal element 4 in Error Matrix
 MINUIT WARNING IN HESSE   
 ============== 1.70671 added to diagonal of error matrix
 COVARIANCE MATRIX CALCULATED SUCCESSFULLY
 FCN=19935.7 FROM HESSE     STATUS=OK             37 CALLS         258 TOTAL
                     EDM=0.0234896    STRATEGY= 1      ERROR MATRIX ACCURATE 
  EXT PARAMETER                                   STEP         FIRST   
  NO.   NAME      VALUE            ERROR          SIZE      DERIVATIVE 
   1  sg_p0        5.29061e+02   5.14520e-01   1.55758e-03   2.24394e-02
   2  sg_p1        2.98860e+01   4.23991e-01   2.39855e-03  -1.26397e-01
   3  sg_p2        4.50244e+02   1.76938e+01   1.40698e-02  -3.32037e-01
   4  sg_p3        9.92707e+01   5.23923e+01   1.16245e-01  -1.87665e-01
   5  sg_p4        9.58893e-01   7.41282e-03   2.32468e-03  -2.84571e-02
                               ERR DEF= 0.5
 MIGRAD MINIMIZATION HAS CONVERGED.
 MIGRAD WILL VERIFY CONVERGENCE AND ERROR MATRIX.
 COVARIANCE MATRIX CALCULATED SUCCESSFULLY
 FCN=19935.7 FROM MIGRAD    STATUS=CONVERGED     353 CALLS         354 TOTAL
                     EDM=3.50844e-05    STRATEGY= 1      ERROR MATRIX ACCURATE 
  EXT PARAMETER                                   STEP         FIRST   
  NO.   NAME      VALUE            ERROR          SIZE      DERIVATIVE 
   1  sg_p0        5.29115e+02   5.27512e-01   1.55654e-03   5.63178e-02
   2  sg_p1        2.98537e+01   4.31194e-01   2.39683e-03  -4.86594e-03
   3  sg_p2        4.52810e+02   1.71881e+01   1.26957e-02  -2.51152e-02
   4  sg_p3        9.42149e+01   1.22791e+01   5.42279e-02  -7.82994e-03
   5  sg_p4        9.57905e-01   7.92585e-03   2.33854e-03  -5.94545e-02
                               ERR DEF= 0.5
 EXTERNAL ERROR MATRIX.    NDIM=  25    NPAR=  5    ERR DEF=0.5
  2.783e-01 -2.926e-02  6.244e-01  2.021e+00 -6.669e-04 
 -2.926e-02  1.860e-01 -3.058e+00 -6.317e-01  1.675e-03 
  6.244e-01 -3.058e+00  2.995e+02  2.884e+01 -1.049e-01 
  2.021e+00 -6.317e-01  2.884e+01  1.696e+02 -1.694e-02 
 -6.669e-04  1.675e-03 -1.049e-01 -1.694e-02  6.285e-05 
 PARAMETER  CORRELATION COEFFICIENTS  
       NO.  GLOBAL      1      2      3      4      5
        1  0.33042   1.000 -0.129  0.068  0.294 -0.159
        2  0.49650  -0.129  1.000 -0.410 -0.112  0.490
        3  0.76815   0.068 -0.410  1.000  0.128 -0.765
        4  0.31895   0.294 -0.112  0.128  1.000 -0.164
        5  0.79426  -0.159  0.490 -0.765 -0.164  1.000
 **********
 **   18 **HESSE        2500
 **********
 COVARIANCE MATRIX CALCULATED SUCCESSFULLY
 FCN=19935.7 FROM HESSE     STATUS=OK             31 CALLS         385 TOTAL
                     EDM=3.65774e-05    STRATEGY= 1      ERROR MATRIX ACCURATE 
  EXT PARAMETER                                INTERNAL      INTERNAL  
  NO.   NAME      VALUE            ERROR       STEP SIZE       VALUE   
   1  sg_p0        5.29115e+02   5.25382e-01   3.11308e-04  -4.71083e-01
   2  sg_p1        2.98537e+01   4.32758e-01   9.58731e-05   3.95290e-01
   3  sg_p2        4.52810e+02   1.73342e+01   5.07828e-04  -4.60177e-01
   4  sg_p3        9.42149e+01   1.23119e+01   2.16911e-03   2.08346e+00
   5  sg_p4        9.57905e-01   7.98860e-03   4.67708e-04   1.15752e+00
                               ERR DEF= 0.5
 EXTERNAL ERROR MATRIX.    NDIM=  25    NPAR=  5    ERR DEF=0.5
  2.761e-01 -3.020e-02  7.182e-01  1.927e+00 -6.928e-04 
 -3.020e-02  1.873e-01 -3.149e+00 -7.080e-01  1.713e-03 
  7.182e-01 -3.149e+00  3.047e+02  3.675e+01 -1.073e-01 
  1.927e+00 -7.080e-01  3.675e+01  1.706e+02 -1.945e-02 
 -6.928e-04  1.713e-03 -1.073e-01 -1.945e-02  6.385e-05 
 PARAMETER  CORRELATION COEFFICIENTS  
       NO.  GLOBAL      1      2      3      4      5
        1  0.31928   1.000 -0.133  0.078  0.281 -0.165
        2  0.50194  -0.133  1.000 -0.417 -0.125  0.495
        3  0.77268   0.078 -0.417  1.000  0.161 -0.769
        4  0.31887   0.281 -0.125  0.161  1.000 -0.186
        5  0.79789  -0.165  0.495 -0.769 -0.186  1.000
550
529.115 +- 0.525382
29.8537 +- 0.432758
[#0] WARNING:InputArguments -- RooAbsPdf::fitTo(signal) WARNING: a likelihood fit is request of what appears to be weighted data. 
       While the estimated values of the parameters will always be calculated taking the weights into account, 
       there are multiple ways to estimate the errors on these parameter values. You are advised to make an 
       explicit choice on the error calculation: 
           - Either provide SumW2Error(kTRUE), to calculate a sum-of-weights corrected HESSE error matrix 
             (error will be proportional to the number of events)
           - Or provide SumW2Error(kFALSE), to return errors from original HESSE error matrix
             (which will be proportional to the sum of the weights)
       If you want the errors to reflect the information contained in the provided dataset, choose kTRUE. 
       If you want the errors to reflect the precision you would be able to obtain with an unweighted dataset 
       with 'sum-of-weights' events, choose kFALSE.
 **********
 **   13 **MIGRAD        2500           1
 **********
 FIRST CALL TO USER FUNCTION AT NEW START POINT, WITH IFLAG=4.
 START MIGRAD MINIMIZATION.  STRATEGY  1.  CONVERGENCE WHEN EDM .LT. 1.00e-03
 FCN=19951.1 FROM MIGRAD    STATUS=INITIATE       20 CALLS          21 TOTAL
                     EDM= unknown      STRATEGY= 1      NO ERROR MATRIX       
  EXT PARAMETER               CURRENT GUESS       STEP         FIRST   
  NO.   NAME      VALUE            ERROR          SIZE      DERIVATIVE 
   1  sg_p0        5.45000e+02   7.00000e+00   2.01358e-01  -1.82283e+03
   2  sg_p1        2.35000e+01   3.30000e+00   2.01358e-01   5.71398e+02
   3  sg_p2        4.95000e+02   1.90000e+01   2.01358e-01  -1.74238e+03
   4  sg_p3        5.50000e+01   9.00000e+00   2.01358e-01  -4.44109e+02
   5  sg_p4        5.00000e-01   1.00000e-01   2.01358e-01  -1.77604e+03
                               ERR DEF= 0.5
 MIGRAD MINIMIZATION HAS CONVERGED.
 MIGRAD WILL VERIFY CONVERGENCE AND ERROR MATRIX.
 COVARIANCE MATRIX CALCULATED SUCCESSFULLY
 FCN=18314.7 FROM MIGRAD    STATUS=CONVERGED     211 CALLS         212 TOTAL
                     EDM=2.97149e-05    STRATEGY= 1      ERROR MATRIX ACCURATE 
  EXT PARAMETER                                   STEP         FIRST   
  NO.   NAME      VALUE            ERROR          SIZE      DERIVATIVE 
   1  sg_p0        5.54818e+02   3.19097e-01   8.63536e-04  -3.36904e-01
   2  sg_p1        1.76653e+01   2.93110e-01   1.48879e-03   2.40235e-04
   3  sg_p2        5.24916e+02   6.40830e+00   5.54557e-03  -1.03056e-02
   4  sg_p3        7.57816e+01   6.01449e+00   1.24041e-02  -3.47693e-02
   5  sg_p4        9.15383e-01   8.76094e-03   2.18461e-03   2.17805e-02
                               ERR DEF= 0.5
 EXTERNAL ERROR MATRIX.    NDIM=  25    NPAR=  5    ERR DEF=0.5
  1.018e-01 -7.952e-03  2.184e-01 -3.767e-01 -2.239e-04 
 -7.952e-03  8.592e-02  5.369e-01  4.736e-01  1.353e-03 
  2.184e-01  5.369e-01  4.114e+01 -3.542e+00  2.620e-02 
 -3.767e-01  4.736e-01 -3.542e+00  3.645e+01  1.672e-02 
 -2.239e-04  1.353e-03  2.620e-02  1.672e-02  7.678e-05 
 PARAMETER  CORRELATION COEFFICIENTS  
       NO.  GLOBAL      1      2      3      4      5
        1  0.23180   1.000 -0.085  0.107 -0.196 -0.080
        2  0.54417  -0.085  1.000  0.286  0.268  0.527
        3  0.54552   0.107  0.286  1.000 -0.091  0.466
        4  0.45297  -0.196  0.268 -0.091  1.000  0.316
        5  0.66946  -0.080  0.527  0.466  0.316  1.000
 **********
 **   18 **HESSE        2500
 **********
 COVARIANCE MATRIX CALCULATED SUCCESSFULLY
 FCN=18314.7 FROM HESSE     STATUS=OK             31 CALLS         243 TOTAL
                     EDM=2.96981e-05    STRATEGY= 1      ERROR MATRIX ACCURATE 
  EXT PARAMETER                                INTERNAL      INTERNAL  
  NO.   NAME      VALUE            ERROR       STEP SIZE       VALUE   
   1  sg_p0        5.54818e+02   3.19404e-01   1.72707e-04   2.84322e-01
   2  sg_p1        1.76653e+01   2.93042e-01   5.95515e-05  -3.61434e-01
   3  sg_p2        5.24916e+02   6.41299e+00   1.10911e-03   2.82124e+00
   4  sg_p3        7.57816e+01   6.04287e+00   4.96162e-04   4.80037e-01
   5  sg_p4        9.15383e-01   8.75334e-03   8.73843e-05   9.80484e-01
                               ERR DEF= 0.5
 EXTERNAL ERROR MATRIX.    NDIM=  25    NPAR=  5    ERR DEF=0.5
  1.020e-01 -8.145e-03  2.258e-01 -3.874e-01 -2.275e-04 
 -8.145e-03  8.588e-02  5.267e-01  4.756e-01  1.350e-03 
  2.258e-01  5.267e-01  4.120e+01 -4.152e+00  2.584e-02 
 -3.874e-01  4.756e-01 -4.152e+00  3.680e+01  1.675e-02 
 -2.275e-04  1.350e-03  2.584e-02  1.675e-02  7.665e-05 
 PARAMETER  CORRELATION COEFFICIENTS  
       NO.  GLOBAL      1      2      3      4      5
        1  0.23569   1.000 -0.087  0.110 -0.200 -0.081
        2  0.54387  -0.087  1.000  0.280  0.268  0.526
        3  0.54648   0.110  0.280  1.000 -0.107  0.460
        4  0.46089  -0.200  0.268 -0.107  1.000  0.315
        5  0.66874  -0.081  0.526  0.460  0.315  1.000
550
554.818 +- 0.319404
17.6653 +- 0.293042
 fit done 
[#0] WARNING:InputArguments -- RooAbsPdf::fitTo(signal) WARNING: a likelihood fit is request of what appears to be weighted data. 
       While the estimated values of the parameters will always be calculated taking the weights into account, 
       there are multiple ways to estimate the errors on these parameter values. You are advised to make an 
       explicit choice on the error calculation: 
           - Either provide SumW2Error(kTRUE), to calculate a sum-of-weights corrected HESSE error matrix 
             (error will be proportional to the number of events)
           - Or provide SumW2Error(kFALSE), to return errors from original HESSE error matrix
             (which will be proportional to the sum of the weights)
       If you want the errors to reflect the information contained in the provided dataset, choose kTRUE. 
       If you want the errors to reflect the precision you would be able to obtain with an unweighted dataset 
       with 'sum-of-weights' events, choose kFALSE.
 **********
 **   13 **MIGRAD        2500           1
 **********
 FIRST CALL TO USER FUNCTION AT NEW START POINT, WITH IFLAG=4.
 START MIGRAD MINIMIZATION.  STRATEGY  1.  CONVERGENCE WHEN EDM .LT. 1.00e-03
 FCN=19898.5 FROM MIGRAD    STATUS=INITIATE       20 CALLS          21 TOTAL
                     EDM= unknown      STRATEGY= 1      NO ERROR MATRIX       
  EXT PARAMETER               CURRENT GUESS       STEP         FIRST   
  NO.   NAME      VALUE            ERROR          SIZE      DERIVATIVE 
   1  sg_p0        5.45000e+02   7.00000e+00   2.01358e-01  -1.95168e+03
   2  sg_p1        2.35000e+01   3.30000e+00   2.01358e-01   4.81948e+02
   3  sg_p2        4.95000e+02   1.90000e+01   2.01358e-01  -1.76540e+03
   4  sg_p3        5.50000e+01   9.00000e+00   2.01358e-01  -4.98194e+02
   5  sg_p4        5.00000e-01   1.00000e-01   2.01358e-01  -1.74417e+03
                               ERR DEF= 0.5
 MIGRAD MINIMIZATION HAS CONVERGED.
 MIGRAD WILL VERIFY CONVERGENCE AND ERROR MATRIX.
 COVARIANCE MATRIX CALCULATED SUCCESSFULLY
 FCN=18245.4 FROM MIGRAD    STATUS=CONVERGED     196 CALLS         197 TOTAL
                     EDM=1.01176e-05    STRATEGY= 1      ERROR MATRIX ACCURATE 
  EXT PARAMETER                                   STEP         FIRST   
  NO.   NAME      VALUE            ERROR          SIZE      DERIVATIVE 
   1  sg_p0        5.55808e+02   3.25659e-01   8.83901e-04  -1.63522e-01
   2  sg_p1        1.77469e+01   3.01241e-01   1.51845e-03  -1.82594e-02
   3  sg_p2        5.26122e+02   6.31840e+00   5.51012e-03  -4.30688e-02
   4  sg_p3        7.70352e+01   6.10785e+00   1.27318e-02  -4.97405e-03
   5  sg_p4        9.08807e-01   9.02494e-03   2.18610e-03  -1.94192e-02
                               ERR DEF= 0.5
 EXTERNAL ERROR MATRIX.    NDIM=  25    NPAR=  5    ERR DEF=0.5
  1.061e-01 -1.054e-02 -2.294e-01 -4.229e-01 -2.862e-04 
 -1.054e-02  9.076e-02 -4.904e-01  5.133e-01  1.441e-03 
 -2.294e-01 -4.904e-01  3.999e+01  5.524e+00 -2.505e-02 
 -4.229e-01  5.133e-01  5.524e+00  3.761e+01  1.706e-02 
 -2.862e-04  1.441e-03 -2.505e-02  1.706e-02  8.148e-05 
 PARAMETER  CORRELATION COEFFICIENTS  
       NO.  GLOBAL      1      2      3      4      5
        1  0.24854   1.000 -0.107 -0.111 -0.212 -0.097
        2  0.54949  -0.107  1.000 -0.257  0.278  0.530
        3  0.54187  -0.111 -0.257  1.000  0.142 -0.439
        4  0.47566  -0.212  0.278  0.142  1.000  0.308
        5  0.66453  -0.097  0.530 -0.439  0.308  1.000
 **********
 **   18 **HESSE        2500
 **********
 COVARIANCE MATRIX CALCULATED SUCCESSFULLY
 FCN=18245.4 FROM HESSE     STATUS=OK             31 CALLS         228 TOTAL
                     EDM=1.00847e-05    STRATEGY= 1      ERROR MATRIX ACCURATE 
  EXT PARAMETER                                INTERNAL      INTERNAL  
  NO.   NAME      VALUE            ERROR       STEP SIZE       VALUE   
   1  sg_p0        5.55808e+02   3.25832e-01   1.76780e-04   3.13943e-01
   2  sg_p1        1.77469e+01   3.02069e-01   6.07379e-05  -3.56157e-01
   3  sg_p2        5.26122e+02   6.32494e+00   1.10202e-03   6.61694e+00
   4  sg_p3        7.70352e+01   6.12320e+00   5.09272e-04   5.11714e-01
   5  sg_p4        9.08807e-01   9.06729e-03   8.74438e-05   9.57256e-01
                               ERR DEF= 0.5
 EXTERNAL ERROR MATRIX.    NDIM=  25    NPAR=  5    ERR DEF=0.5
  1.062e-01 -1.081e-02 -2.268e-01 -4.286e-01 -2.938e-04 
 -1.081e-02  9.126e-02 -4.992e-01  5.258e-01  1.460e-03 
 -2.268e-01 -4.992e-01  4.007e+01  5.270e+00 -2.536e-02 
 -4.286e-01  5.258e-01  5.270e+00  3.780e+01  1.761e-02 
 -2.938e-04  1.460e-03 -2.536e-02  1.761e-02  8.224e-05 
 PARAMETER  CORRELATION COEFFICIENTS  
       NO.  GLOBAL      1      2      3      4      5
        1  0.25053   1.000 -0.110 -0.110 -0.214 -0.099
        2  0.55296  -0.110  1.000 -0.261  0.283  0.533
        3  0.54324  -0.110 -0.261  1.000  0.135 -0.442
        4  0.47947  -0.214  0.283  0.135  1.000  0.316
        5  0.66843  -0.099  0.533 -0.442  0.316  1.000
550
555.808 +- 0.325832
17.7469 +- 0.302069
[#0] WARNING:InputArguments -- RooAbsPdf::fitTo(signal) WARNING: a likelihood fit is request of what appears to be weighted data. 
       While the estimated values of the parameters will always be calculated taking the weights into account, 
       there are multiple ways to estimate the errors on these parameter values. You are advised to make an 
       explicit choice on the error calculation: 
           - Either provide SumW2Error(kTRUE), to calculate a sum-of-weights corrected HESSE error matrix 
             (error will be proportional to the number of events)
           - Or provide SumW2Error(kFALSE), to return errors from original HESSE error matrix
             (which will be proportional to the sum of the weights)
       If you want the errors to reflect the information contained in the provided dataset, choose kTRUE. 
       If you want the errors to reflect the precision you would be able to obtain with an unweighted dataset 
       with 'sum-of-weights' events, choose kFALSE.
 **********
 **   13 **MIGRAD        2500           1
 **********
 FIRST CALL TO USER FUNCTION AT NEW START POINT, WITH IFLAG=4.
 START MIGRAD MINIMIZATION.  STRATEGY  1.  CONVERGENCE WHEN EDM .LT. 1.00e-03
 FCN=19728.7 FROM MIGRAD    STATUS=INITIATE       20 CALLS          21 TOTAL
                     EDM= unknown      STRATEGY= 1      NO ERROR MATRIX       
  EXT PARAMETER               CURRENT GUESS       STEP         FIRST   
  NO.   NAME      VALUE            ERROR          SIZE      DERIVATIVE 
   1  sg_p0        5.45000e+02   7.00000e+00   2.01358e-01  -1.67505e+03
   2  sg_p1        2.35000e+01   3.30000e+00   2.01358e-01   6.63661e+02
   3  sg_p2        4.95000e+02   1.90000e+01   2.01358e-01  -1.67995e+03
   4  sg_p3        5.50000e+01   9.00000e+00   2.01358e-01  -4.03919e+02
   5  sg_p4        5.00000e-01   1.00000e-01   2.01358e-01  -1.77879e+03
                               ERR DEF= 0.5
 MIGRAD MINIMIZATION HAS CONVERGED.
 MIGRAD WILL VERIFY CONVERGENCE AND ERROR MATRIX.
 COVARIANCE MATRIX CALCULATED SUCCESSFULLY
 FCN=18112.5 FROM MIGRAD    STATUS=CONVERGED     209 CALLS         210 TOTAL
                     EDM=1.24678e-05    STRATEGY= 1      ERROR MATRIX ACCURATE 
  EXT PARAMETER                                   STEP         FIRST   
  NO.   NAME      VALUE            ERROR          SIZE      DERIVATIVE 
   1  sg_p0        5.53868e+02   3.10680e-01   8.32651e-04  -2.62603e-02
   2  sg_p1        1.72866e+01   2.81268e-01   1.45728e-03   8.07767e-02
   3  sg_p2        5.24887e+02   6.75798e+00   5.96660e-03  -3.92394e-02
   4  sg_p3        7.92365e+01   6.79795e+00   1.48996e-02   6.90285e-03
   5  sg_p4        9.17534e-01   8.29708e-03   2.15408e-03  -1.06137e-03
                               ERR DEF= 0.5
 EXTERNAL ERROR MATRIX.    NDIM=  25    NPAR=  5    ERR DEF=0.5
  9.652e-02 -6.967e-03  2.218e-01 -3.867e-01 -1.900e-04 
 -6.967e-03  7.912e-02  4.748e-01  5.229e-01  1.170e-03 
  2.218e-01  4.748e-01  4.576e+01 -5.306e+00  2.407e-02 
 -3.867e-01  5.229e-01 -5.306e+00  4.672e+01  1.731e-02 
 -1.900e-04  1.170e-03  2.407e-02  1.731e-02  6.886e-05 
 PARAMETER  CORRELATION COEFFICIENTS  
       NO.  GLOBAL      1      2      3      4      5
        1  0.21574   1.000 -0.080  0.106 -0.182 -0.074
        2  0.52328  -0.080  1.000  0.250  0.272  0.501
        3  0.51581   0.106  0.250  1.000 -0.115  0.429
        4  0.44943  -0.182  0.272 -0.115  1.000  0.305
        5  0.64010  -0.074  0.501  0.429  0.305  1.000
 **********
 **   18 **HESSE        2500
 **********
 COVARIANCE MATRIX CALCULATED SUCCESSFULLY
 FCN=18112.5 FROM HESSE     STATUS=OK             31 CALLS         241 TOTAL
                     EDM=1.27405e-05    STRATEGY= 1      ERROR MATRIX ACCURATE 
  EXT PARAMETER                                INTERNAL      INTERNAL  
  NO.   NAME      VALUE            ERROR       STEP SIZE       VALUE   
   1  sg_p0        5.53868e+02   3.10987e-01   1.66530e-04   2.56169e-01
   2  sg_p1        1.72866e+01   2.81269e-01   2.91456e-04  -3.86094e-01
   3  sg_p2        5.24887e+02   6.76745e+00   1.19332e-03   2.82155e+00
   4  sg_p3        7.92365e+01   6.83832e+00   5.95982e-04   5.68761e-01
   5  sg_p4        9.17534e-01   8.29250e-03   8.61633e-05   9.88256e-01
                               ERR DEF= 0.5
 EXTERNAL ERROR MATRIX.    NDIM=  25    NPAR=  5    ERR DEF=0.5
  9.672e-02 -7.180e-03  2.301e-01 -3.999e-01 -1.942e-04 
 -7.180e-03  7.912e-02  4.628e-01  5.278e-01  1.169e-03 
  2.301e-01  4.628e-01  4.588e+01 -6.142e+00  2.369e-02 
 -3.999e-01  5.278e-01 -6.142e+00  4.728e+01  1.742e-02 
 -1.942e-04  1.169e-03  2.369e-02  1.742e-02  6.879e-05 
 PARAMETER  CORRELATION COEFFICIENTS  
       NO.  GLOBAL      1      2      3      4      5
        1  0.22006   1.000 -0.082  0.109 -0.187 -0.075
        2  0.52328  -0.082  1.000  0.243  0.273  0.501
        3  0.51782   0.109  0.243  1.000 -0.132  0.422
        4  0.45946  -0.187  0.273 -0.132  1.000  0.305
        5  0.63959  -0.075  0.501  0.422  0.305  1.000
550
553.868 +- 0.310987
17.2866 +- 0.281269
[#0] WARNING:InputArguments -- RooAbsPdf::fitTo(signal) WARNING: a likelihood fit is request of what appears to be weighted data. 
       While the estimated values of the parameters will always be calculated taking the weights into account, 
       there are multiple ways to estimate the errors on these parameter values. You are advised to make an 
       explicit choice on the error calculation: 
           - Either provide SumW2Error(kTRUE), to calculate a sum-of-weights corrected HESSE error matrix 
             (error will be proportional to the number of events)
           - Or provide SumW2Error(kFALSE), to return errors from original HESSE error matrix
             (which will be proportional to the sum of the weights)
       If you want the errors to reflect the information contained in the provided dataset, choose kTRUE. 
       If you want the errors to reflect the precision you would be able to obtain with an unweighted dataset 
       with 'sum-of-weights' events, choose kFALSE.
 **********
 **   13 **MIGRAD        2500           1
 **********
 FIRST CALL TO USER FUNCTION AT NEW START POINT, WITH IFLAG=4.
 START MIGRAD MINIMIZATION.  STRATEGY  1.  CONVERGENCE WHEN EDM .LT. 1.00e-03
 FCN=19523.7 FROM MIGRAD    STATUS=INITIATE       20 CALLS          21 TOTAL
                     EDM= unknown      STRATEGY= 1      NO ERROR MATRIX       
  EXT PARAMETER               CURRENT GUESS       STEP         FIRST   
  NO.   NAME      VALUE            ERROR          SIZE      DERIVATIVE 
   1  sg_p0        5.45000e+02   7.00000e+00   2.01358e-01  -1.78246e+03
   2  sg_p1        2.35000e+01   3.30000e+00   2.01358e-01   5.48227e+02
   3  sg_p2        4.95000e+02   1.90000e+01   2.01358e-01  -1.72744e+03
   4  sg_p3        5.50000e+01   9.00000e+00   2.01358e-01  -4.53463e+02
   5  sg_p4        5.00000e-01   1.00000e-01   2.01358e-01  -1.73440e+03
                               ERR DEF= 0.5
 MIGRAD MINIMIZATION HAS CONVERGED.
 MIGRAD WILL VERIFY CONVERGENCE AND ERROR MATRIX.
 COVARIANCE MATRIX CALCULATED SUCCESSFULLY
 FCN=17921.7 FROM MIGRAD    STATUS=CONVERGED     220 CALLS         221 TOTAL
                     EDM=1.1296e-06    STRATEGY= 1      ERROR MATRIX ACCURATE 
  EXT PARAMETER                                   STEP         FIRST   
  NO.   NAME      VALUE            ERROR          SIZE      DERIVATIVE 
   1  sg_p0        5.54743e+02   3.23108e-01   8.67838e-04   1.02910e-02
   2  sg_p1        1.78036e+01   2.93560e-01   1.48809e-03   3.64244e-02
   3  sg_p2        5.29749e+02   7.02376e+00   6.17425e-03   3.49463e-03
   4  sg_p3        8.01422e+01   7.11749e+00   1.53333e-02   4.67692e-03
   5  sg_p4        9.16151e-01   8.68122e-03   2.20244e-03  -2.64886e-02
                               ERR DEF= 0.5
 EXTERNAL ERROR MATRIX.    NDIM=  25    NPAR=  5    ERR DEF=0.5
  1.044e-01 -5.800e-03  3.107e-01 -4.077e-01 -1.462e-04 
 -5.800e-03  8.619e-02  4.716e-01  5.708e-01  1.298e-03 
  3.107e-01  4.716e-01  4.944e+01 -9.571e+00  2.482e-02 
 -4.077e-01  5.708e-01 -9.571e+00  5.129e+01  1.933e-02 
 -1.462e-04  1.298e-03  2.482e-02  1.933e-02  7.539e-05 
 PARAMETER  CORRELATION COEFFICIENTS  
       NO.  GLOBAL      1      2      3      4      5
        1  0.21481   1.000 -0.061  0.137 -0.176 -0.052
        2  0.52839  -0.061  1.000  0.228  0.271  0.509
        3  0.54059   0.137  0.228  1.000 -0.190  0.407
        4  0.49556  -0.176  0.271 -0.190  1.000  0.311
        5  0.64950  -0.052  0.509  0.407  0.311  1.000
 **********
 **   18 **HESSE        2500
 **********
 COVARIANCE MATRIX CALCULATED SUCCESSFULLY
 FCN=17921.7 FROM HESSE     STATUS=OK             31 CALLS         252 TOTAL
                     EDM=1.13732e-06    STRATEGY= 1      ERROR MATRIX ACCURATE 
  EXT PARAMETER                                INTERNAL      INTERNAL  
  NO.   NAME      VALUE            ERROR       STEP SIZE       VALUE   
   1  sg_p0        5.54743e+02   3.23491e-01   3.47135e-05   2.82090e-01
   2  sg_p1        1.78036e+01   2.93564e-01   5.95236e-05  -3.52489e-01
   3  sg_p2        5.29749e+02   7.04856e+00   2.46970e-04   2.76712e+00
   4  sg_p3        8.01422e+01   7.18360e+00   6.13332e-04   5.92835e-01
   5  sg_p4        9.16151e-01   8.67262e-03   4.40487e-04   9.83249e-01
                               ERR DEF= 0.5
 EXTERNAL ERROR MATRIX.    NDIM=  25    NPAR=  5    ERR DEF=0.5
  1.046e-01 -6.090e-03  3.230e-01 -4.265e-01 -1.522e-04 
 -6.090e-03  8.619e-02  4.539e-01  5.786e-01  1.296e-03 
  3.230e-01  4.539e-01  4.979e+01 -1.084e+01  2.423e-02 
 -4.265e-01  5.786e-01 -1.084e+01  5.225e+01  1.948e-02 
 -1.522e-04  1.296e-03  2.423e-02  1.948e-02  7.524e-05 
 PARAMETER  CORRELATION COEFFICIENTS  
       NO.  GLOBAL      1      2      3      4      5
        1  0.22000   1.000 -0.064  0.142 -0.182 -0.054
        2  0.52841  -0.064  1.000  0.219  0.273  0.509
        3  0.54519   0.142  0.219  1.000 -0.213  0.396
        4  0.50912  -0.182  0.273 -0.213  1.000  0.311
        5  0.64862  -0.054  0.509  0.396  0.311  1.000
550
554.743 +- 0.323491
17.8036 +- 0.293564
[#0] WARNING:InputArguments -- RooAbsPdf::fitTo(signal) WARNING: a likelihood fit is request of what appears to be weighted data. 
       While the estimated values of the parameters will always be calculated taking the weights into account, 
       there are multiple ways to estimate the errors on these parameter values. You are advised to make an 
       explicit choice on the error calculation: 
           - Either provide SumW2Error(kTRUE), to calculate a sum-of-weights corrected HESSE error matrix 
             (error will be proportional to the number of events)
           - Or provide SumW2Error(kFALSE), to return errors from original HESSE error matrix
             (which will be proportional to the sum of the weights)
       If you want the errors to reflect the information contained in the provided dataset, choose kTRUE. 
       If you want the errors to reflect the precision you would be able to obtain with an unweighted dataset 
       with 'sum-of-weights' events, choose kFALSE.
 **********
 **   13 **MIGRAD        2500           1
 **********
 FIRST CALL TO USER FUNCTION AT NEW START POINT, WITH IFLAG=4.
 START MIGRAD MINIMIZATION.  STRATEGY  1.  CONVERGENCE WHEN EDM .LT. 1.00e-03
 FCN=20158.4 FROM MIGRAD    STATUS=INITIATE       20 CALLS          21 TOTAL
                     EDM= unknown      STRATEGY= 1      NO ERROR MATRIX       
  EXT PARAMETER               CURRENT GUESS       STEP         FIRST   
  NO.   NAME      VALUE            ERROR          SIZE      DERIVATIVE 
   1  sg_p0        5.45000e+02   7.00000e+00   2.01358e-01  -1.85494e+03
   2  sg_p1        2.35000e+01   3.30000e+00   2.01358e-01   6.04709e+02
   3  sg_p2        4.95000e+02   1.90000e+01   2.01358e-01  -1.75210e+03
   4  sg_p3        5.50000e+01   9.00000e+00   2.01358e-01  -4.33590e+02
   5  sg_p4        5.00000e-01   1.00000e-01   2.01358e-01  -1.81352e+03
                               ERR DEF= 0.5
 MIGRAD MINIMIZATION HAS CONVERGED.
 MIGRAD WILL VERIFY CONVERGENCE AND ERROR MATRIX.
 COVARIANCE MATRIX CALCULATED SUCCESSFULLY
 FCN=18466.6 FROM MIGRAD    STATUS=CONVERGED     201 CALLS         202 TOTAL
                     EDM=7.37276e-06    STRATEGY= 1      ERROR MATRIX ACCURATE 
  EXT PARAMETER                                   STEP         FIRST   
  NO.   NAME      VALUE            ERROR          SIZE      DERIVATIVE 
   1  sg_p0        5.54870e+02   3.11615e-01   8.46985e-04  -5.92156e-02
   2  sg_p1        1.73495e+01   2.85260e-01   1.47111e-03   7.67177e-02
   3  sg_p2        5.24331e+02   6.05754e+00   5.28257e-03   4.53885e-03
   4  sg_p3        7.34136e+01   5.53118e+00   1.12466e-02  -1.10576e-02
   5  sg_p4        9.15605e-01   8.65240e-03   2.17248e-03  -7.85532e-02
                               ERR DEF= 0.5
 EXTERNAL ERROR MATRIX.    NDIM=  25    NPAR=  5    ERR DEF=0.5
  9.711e-02 -7.947e-03  1.826e-01 -3.420e-01 -2.412e-04 
 -7.947e-03  8.138e-02  5.038e-01  4.162e-01  1.294e-03 
  1.826e-01  5.038e-01  3.675e+01 -2.414e+00  2.461e-02 
 -3.420e-01  4.162e-01 -2.414e+00  3.078e+01  1.542e-02 
 -2.412e-04  1.294e-03  2.461e-02  1.542e-02  7.489e-05 
 PARAMETER  CORRELATION COEFFICIENTS  
       NO.  GLOBAL      1      2      3      4      5
        1  0.23325   1.000 -0.089  0.097 -0.198 -0.089
        2  0.54079  -0.089  1.000  0.291  0.263  0.524
        3  0.54052   0.097  0.291  1.000 -0.072  0.469
        4  0.44504  -0.198  0.263 -0.072  1.000  0.321
        5  0.66858  -0.089  0.524  0.469  0.321  1.000
 **********
 **   18 **HESSE        2500
 **********
 COVARIANCE MATRIX CALCULATED SUCCESSFULLY
