
Processing test.c...
prova
nSignal_init = 250000
 here 6154
  here 1740
[#0] WARNING:InputArguments -- RooAbsPdf::fitTo(signal) WARNING: a likelihood fit is request of what appears to be weighted data. 
       While the estimated values of the parameters will always be calculated taking the weights into account, 
       there are multiple ways to estimate the errors on these parameter values. You are advised to make an 
       explicit choice on the error calculation: 
           - Either provide SumW2Error(kTRUE), to calculate a sum-of-weights corrected HESSE error matrix 
             (error will be proportional to the number of events)
           - Or provide SumW2Error(kFALSE), to return errors from original HESSE error matrix
             (which will be proportional to the sum of the weights)
       If you want the errors to reflect the information contained in the provided dataset, choose kTRUE. 
       If you want the errors to reflect the precision you would be able to obtain with an unweighted dataset 
       with 'sum-of-weights' events, choose kFALSE.
 **********
 **   13 **MIGRAD        2500           1
 **********
 FIRST CALL TO USER FUNCTION AT NEW START POINT, WITH IFLAG=4.
 START MIGRAD MINIMIZATION.  STRATEGY  1.  CONVERGENCE WHEN EDM .LT. 1.00e-03
 FCN=5400.02 FROM MIGRAD    STATUS=INITIATE       43 CALLS          44 TOTAL
                     EDM= unknown      STRATEGY= 1      NO ERROR MATRIX       
  EXT PARAMETER               CURRENT GUESS       STEP         FIRST   
  NO.   NAME      VALUE            ERROR          SIZE      DERIVATIVE 
   1  sg_p0        2.65000e+02   3.00000e+00   0.00000e+00  -1.78981e+02
   2  sg_p1        8.50000e+00   1.30000e+00   0.00000e+00  -2.77637e+02
   3  sg_p2        2.70000e+02   5.20000e+01   0.00000e+00  -2.09320e+02
   4  sg_p3        7.68862e+01   2.90000e+01  -5.68912e-01   6.50318e+00
   5  sg_p4        7.50000e-01   5.00000e-02   0.00000e+00  -6.59714e+01
                               ERR DEF= 0.5
 MIGRAD MINIMIZATION HAS CONVERGED.
 MIGRAD WILL VERIFY CONVERGENCE AND ERROR MATRIX.
 COVARIANCE MATRIX CALCULATED SUCCESSFULLY
 FCN=5245.22 FROM MIGRAD    STATUS=CONVERGED     173 CALLS         174 TOTAL
                     EDM=3.41671e-06    STRATEGY= 1      ERROR MATRIX ACCURATE 
  EXT PARAMETER                                   STEP         FIRST   
  NO.   NAME      VALUE            ERROR          SIZE      DERIVATIVE 
   1  sg_p0        2.68507e+02   4.07842e-01   1.34449e-03   2.68583e-02
   2  sg_p1        1.24322e+01   3.21721e-01   2.94126e-03   4.57520e-03
   3  sg_p2        3.47101e+02   8.16655e+00   1.46904e-03  -4.02467e-02
   4  sg_p3        6.34440e+01   4.94357e+00   2.10647e-03  -3.68083e-02
   5  sg_p4        8.99849e-01   1.08130e-02   2.50011e-03   5.34677e-04
                               ERR DEF= 0.5
 EXTERNAL ERROR MATRIX.    NDIM=  25    NPAR=  5    ERR DEF=0.5
  1.664e-01  2.693e-02  5.253e-01  8.842e-03  9.318e-04 
  2.693e-02  1.036e-01  6.236e-01 -2.083e-02  8.097e-04 
  5.253e-01  6.236e-01  6.672e+01 -1.123e+01  2.758e-02 
  8.842e-03 -2.083e-02 -1.123e+01  2.445e+01 -1.455e-03 
  9.318e-04  8.097e-04  2.758e-02 -1.455e-03  1.170e-04 
 PARAMETER  CORRELATION COEFFICIENTS  
       NO.  GLOBAL      1      2      3      4      5
        1  0.27595   1.000  0.205  0.158  0.004  0.211
        2  0.32566   0.205  1.000  0.237 -0.013  0.233
        3  0.45056   0.158  0.237  1.000 -0.278  0.312
        4  0.29012   0.004 -0.013 -0.278  1.000 -0.027
        5  0.38105   0.211  0.233  0.312 -0.027  1.000
 **********
 **   18 **HESSE        2500
 **********
 COVARIANCE MATRIX CALCULATED SUCCESSFULLY
 FCN=5245.22 FROM HESSE     STATUS=OK             31 CALLS         205 TOTAL
                     EDM=3.40579e-06    STRATEGY= 1      ERROR MATRIX ACCURATE 
  EXT PARAMETER                                INTERNAL      INTERNAL  
  NO.   NAME      VALUE            ERROR       STEP SIZE       VALUE   
   1  sg_p0        2.68507e+02   4.07831e-01   2.68897e-04   2.35981e-01
   2  sg_p1        1.24322e+01   3.21748e-01   1.17650e-04   6.49706e-01
   3  sg_p2        3.47101e+02   8.18052e+00   2.93809e-04   3.01071e-01
   4  sg_p3        6.34440e+01   4.95137e+00   8.42587e-05  -6.83384e-01
   5  sg_p4        8.99849e-01   1.08148e-02   1.00004e-04   6.42746e-01
                               ERR DEF= 0.5
 EXTERNAL ERROR MATRIX.    NDIM=  25    NPAR=  5    ERR DEF=0.5
  1.664e-01  2.691e-02  5.264e-01  6.539e-03  9.325e-04 
  2.691e-02  1.037e-01  6.259e-01 -2.364e-02  8.110e-04 
  5.264e-01  6.259e-01  6.695e+01 -1.148e+01  2.768e-02 
  6.539e-03 -2.364e-02 -1.148e+01  2.453e+01 -1.595e-03 
  9.325e-04  8.110e-04  2.768e-02 -1.595e-03  1.171e-04 
 PARAMETER  CORRELATION COEFFICIENTS  
       NO.  GLOBAL      1      2      3      4      5
        1  0.27586   1.000  0.205  0.158  0.003  0.211
        2  0.32589   0.205  1.000  0.238 -0.015  0.233
        3  0.45357   0.158  0.238  1.000 -0.283  0.313
        4  0.29503   0.003 -0.015 -0.283  1.000 -0.030
        5  0.38142   0.211  0.233  0.313 -0.030  1.000
270
268.507 +- 0.407831
12.4322 +- 0.321748
[#0] WARNING:InputArguments -- RooAbsPdf::fitTo(signal) WARNING: a likelihood fit is request of what appears to be weighted data. 
       While the estimated values of the parameters will always be calculated taking the weights into account, 
       there are multiple ways to estimate the errors on these parameter values. You are advised to make an 
       explicit choice on the error calculation: 
           - Either provide SumW2Error(kTRUE), to calculate a sum-of-weights corrected HESSE error matrix 
             (error will be proportional to the number of events)
           - Or provide SumW2Error(kFALSE), to return errors from original HESSE error matrix
             (which will be proportional to the sum of the weights)
       If you want the errors to reflect the information contained in the provided dataset, choose kTRUE. 
       If you want the errors to reflect the precision you would be able to obtain with an unweighted dataset 
       with 'sum-of-weights' events, choose kFALSE.
 **********
 **   13 **MIGRAD        2500           1
 **********
 FIRST CALL TO USER FUNCTION AT NEW START POINT, WITH IFLAG=4.
 START MIGRAD MINIMIZATION.  STRATEGY  1.  CONVERGENCE WHEN EDM .LT. 1.00e-03
 FCN=5332.56 FROM MIGRAD    STATUS=INITIATE       45 CALLS          46 TOTAL
                     EDM= unknown      STRATEGY= 1      NO ERROR MATRIX       
  EXT PARAMETER               CURRENT GUESS       STEP         FIRST   
  NO.   NAME      VALUE            ERROR          SIZE      DERIVATIVE 
   1  sg_p0        2.70000e+02   2.00000e+00   0.00000e+00  -2.16791e+02
   2  sg_p1        5.00000e+00   6.00000e-01   0.00000e+00  -2.33765e+01
   3  sg_p2        1.79500e+02   3.41000e+01   0.00000e+00  -2.63388e+00
   4  sg_p3        8.39843e+01   2.90000e+01  -5.11818e-01   1.62753e+00
   5  sg_p4        7.50000e-01   5.00000e-02   0.00000e+00   1.27611e+01
                               ERR DEF= 0.5
 MIGRAD MINIMIZATION HAS CONVERGED.
 MIGRAD WILL VERIFY CONVERGENCE AND ERROR MATRIX.
 COVARIANCE MATRIX CALCULATED SUCCESSFULLY
 FCN=5322.74 FROM MIGRAD    STATUS=CONVERGED     237 CALLS         238 TOTAL
                     EDM=1.36934e-06    STRATEGY= 1      ERROR MATRIX ACCURATE 
  EXT PARAMETER                                   STEP         FIRST   
  NO.   NAME      VALUE            ERROR          SIZE      DERIVATIVE 
   1  sg_p0        2.70624e+02   1.86262e-01   9.12660e-04  -2.20742e-02
   2  sg_p1        5.05272e+00   1.74328e-01   2.49538e-03   1.60068e-02
   3  sg_p2        2.57847e+02   1.27798e+01   1.59903e-03  -1.64761e-02
   4  sg_p3        4.58881e+01   7.49091e+00   1.52680e-03  -1.54433e-02
   5  sg_p4        7.36515e-01   1.97935e-02   3.18056e-03  -1.09307e-02
                               ERR DEF= 0.5
 EXTERNAL ERROR MATRIX.    NDIM=  25    NPAR=  5    ERR DEF=0.5
  3.470e-02 -2.881e-03 -5.424e-01  2.409e-01 -3.690e-04 
 -2.881e-03  3.042e-02  3.727e-01  5.750e-03  1.731e-03 
 -5.424e-01  3.727e-01  1.637e+02 -8.596e+01  4.869e-02 
  2.409e-01  5.750e-03 -8.596e+01  5.623e+01  5.425e-03 
 -3.690e-04  1.731e-03  4.869e-02  5.425e-03  3.926e-04 
 PARAMETER  CORRELATION COEFFICIENTS  
       NO.  GLOBAL      1      2      3      4      5
        1  0.24061   1.000 -0.089 -0.228  0.172 -0.100
        2  0.52390  -0.089  1.000  0.167  0.004  0.501
        3  0.92738  -0.228  0.167  1.000 -0.896  0.192
        4  0.92297   0.172  0.004 -0.896  1.000  0.037
        5  0.60619  -0.100  0.501  0.192  0.037  1.000
 **********
 **   18 **HESSE        2500
 **********
 COVARIANCE MATRIX CALCULATED SUCCESSFULLY
 FCN=5322.74 FROM HESSE     STATUS=OK             31 CALLS         269 TOTAL
                     EDM=1.36603e-06    STRATEGY= 1      ERROR MATRIX ACCURATE 
  EXT PARAMETER                                INTERNAL      INTERNAL  
  NO.   NAME      VALUE            ERROR       STEP SIZE       VALUE   
   1  sg_p0        2.70624e+02   1.87039e-01   1.82532e-04   6.23951e-02
   2  sg_p1        5.05272e+00   1.74360e-01   9.98151e-05   1.75728e-02
   3  sg_p2        2.57847e+02   1.39637e+01   3.19807e-04   4.77447e-01
   4  sg_p3        4.58881e+01   8.19424e+00   6.10719e-05  -8.51843e-01
   5  sg_p4        7.36515e-01   1.97839e-02   1.27223e-04  -5.39670e-02
                               ERR DEF= 0.5
 EXTERNAL ERROR MATRIX.    NDIM=  25    NPAR=  5    ERR DEF=0.5
  3.499e-02 -2.985e-03 -6.385e-01  2.982e-01 -3.757e-04 
 -2.985e-03  3.044e-02  4.003e-01 -1.206e-02  1.731e-03 
 -6.385e-01  4.003e-01  1.955e+02 -1.048e+02  5.116e-02 
  2.982e-01 -1.206e-02 -1.048e+02  6.731e+01  3.708e-03 
 -3.757e-04  1.731e-03  5.116e-02  3.708e-03  3.922e-04 
 PARAMETER  CORRELATION COEFFICIENTS  
       NO.  GLOBAL      1      2      3      4      5
        1  0.25634   1.000 -0.091 -0.244  0.194 -0.101
        2  0.52416  -0.091  1.000  0.164 -0.008  0.501
        3  0.93959  -0.244  0.164  1.000 -0.914  0.185
        4  0.93609   0.194 -0.008 -0.914  1.000  0.023
        5  0.60568  -0.101  0.501  0.185  0.023  1.000
270
270.624 +- 0.187039
5.05272 +- 0.17436
 fit done 
36.0 fb^{-1} (13 TeV)
