
Processing test.c...
nSignal_init = 300000
test
test
[#0] WARNING:InputArguments -- RooAbsPdf::fitTo(signal) WARNING: a likelihood fit is request of what appears to be weighted data. 
       While the estimated values of the parameters will always be calculated taking the weights into account, 
       there are multiple ways to estimate the errors on these parameter values. You are advised to make an 
       explicit choice on the error calculation: 
           - Either provide SumW2Error(kTRUE), to calculate a sum-of-weights corrected HESSE error matrix 
             (error will be proportional to the number of events)
           - Or provide SumW2Error(kFALSE), to return errors from original HESSE error matrix
             (which will be proportional to the sum of the weights)
       If you want the errors to reflect the information contained in the provided dataset, choose kTRUE. 
       If you want the errors to reflect the precision you would be able to obtain with an unweighted dataset 
       with 'sum-of-weights' events, choose kFALSE.
 **********
 **   13 **MIGRAD        2500           1
 **********
 FIRST CALL TO USER FUNCTION AT NEW START POINT, WITH IFLAG=4.
 START MIGRAD MINIMIZATION.  STRATEGY  1.  CONVERGENCE WHEN EDM .LT. 1.00e-03
 FCN=8392.45 FROM MIGRAD    STATUS=INITIATE       43 CALLS          44 TOTAL
                     EDM= unknown      STRATEGY= 1      NO ERROR MATRIX       
  EXT PARAMETER               CURRENT GUESS       STEP         FIRST   
  NO.   NAME      VALUE            ERROR          SIZE      DERIVATIVE 
   1  sg_p0        2.65000e+02   3.00000e+00   0.00000e+00   2.86291e+02
   2  sg_p1        8.50000e+00   1.30000e+00   0.00000e+00  -7.99146e+02
   3  sg_p2        2.70000e+02   5.20000e+01   0.00000e+00   2.60544e+02
   4  sg_p3        7.14818e+01   2.90000e+01  -6.13812e-01   5.50184e+01
   5  sg_p4        7.50000e-01   5.00000e-02   0.00000e+00   1.51376e+02
                               ERR DEF= 0.5
 MIGRAD MINIMIZATION HAS CONVERGED.
 MIGRAD WILL VERIFY CONVERGENCE AND ERROR MATRIX.
 COVARIANCE MATRIX CALCULATED SUCCESSFULLY
 FCN=7995.55 FROM MIGRAD    STATUS=CONVERGED     263 CALLS         264 TOTAL
                     EDM=2.79948e-05    STRATEGY= 1      ERROR MATRIX ACCURATE 
  EXT PARAMETER                                   STEP         FIRST   
  NO.   NAME      VALUE            ERROR          SIZE      DERIVATIVE 
   1  sg_p0        2.62655e+02   3.96075e-01   1.63668e-03  -1.71407e-02
   2  sg_p1        1.50000e+01   3.66501e-02   6.55558e-03** at limit **
   3  sg_p2        3.32688e+02   1.22425e+01   2.10215e-03   1.48173e-02
   4  sg_p3        7.88319e+01   7.17424e+00   2.90211e-03   4.51106e-02
   5  sg_p4        9.12549e-01   1.01971e-02   2.71366e-03   7.36508e-02
                               ERR DEF= 0.5
 EXTERNAL ERROR MATRIX.    NDIM=  25    NPAR=  5    ERR DEF=0.5
  1.569e-01 -9.420e-08 -6.520e-02  2.553e-01  2.627e-04 
 -9.420e-08  5.458e-08 -8.702e-06  1.981e-06 -8.254e-09 
 -6.520e-02 -8.702e-06  1.500e+02 -4.987e+01  7.092e-02 
  2.553e-01  1.981e-06 -4.987e+01  5.153e+01 -2.107e-02 
  2.627e-04 -8.254e-09  7.092e-02 -2.107e-02  1.041e-04 
 PARAMETER  CORRELATION COEFFICIENTS  
       NO.  GLOBAL      1      2      3      4      5
        1  0.13067   1.000 -0.001 -0.013  0.090  0.065
        2  0.00383  -0.001  1.000 -0.003  0.001 -0.003
        3  0.70719  -0.013 -0.003  1.000 -0.567  0.568
        4  0.57426   0.090  0.001 -0.567  1.000 -0.288
        5  0.57327   0.065 -0.003  0.568 -0.288  1.000
 **********
 **   18 **HESSE        2500
 **********
 COVARIANCE MATRIX CALCULATED SUCCESSFULLY
 FCN=7995.55 FROM HESSE     STATUS=OK             31 CALLS         295 TOTAL
                     EDM=2.79956e-05    STRATEGY= 1      ERROR MATRIX ACCURATE 
  EXT PARAMETER                                INTERNAL      INTERNAL  
  NO.   NAME      VALUE            ERROR       STEP SIZE       VALUE   
   1  sg_p0        2.62655e+02   3.96099e-01   3.27335e-04  -1.56977e-01
   2  sg_p1        1.50000e+01   3.66519e-02   1.31112e-03   1.57113e+00
                                 WARNING -   - ABOVE PARAMETER IS AT LIMIT.
   3  sg_p2        3.32688e+02   1.23641e+01   8.40862e-05   2.43509e-01
   4  sg_p3        7.88319e+01   7.24309e+00   1.16084e-04  -5.53064e-01
   5  sg_p4        9.12549e-01   1.02319e-02   5.42731e-04   7.07842e-01
                               ERR DEF= 0.5
 EXTERNAL ERROR MATRIX.    NDIM=  25    NPAR=  5    ERR DEF=0.5
  1.569e-01 -2.556e-08 -7.512e-02  2.598e-01  2.581e-04 
 -2.556e-08  5.458e-08 -2.431e-06  5.742e-07 -2.287e-09 
 -7.512e-02 -2.431e-06  1.530e+02 -5.186e+01  7.239e-02 
  2.598e-01  5.742e-07 -5.186e+01  5.252e+01 -2.206e-02 
  2.581e-04 -2.287e-09  7.239e-02 -2.206e-02  1.048e-04 
 PARAMETER  CORRELATION COEFFICIENTS  
       NO.  GLOBAL      1      2      3      4      5
        1  0.13113   1.000 -0.000 -0.015  0.090  0.064
        2  0.00106  -0.000  1.000 -0.001  0.000 -0.001
        3  0.71407  -0.015 -0.001  1.000 -0.578  0.572
        4  0.58519   0.090  0.000 -0.578  1.000 -0.297
        5  0.57724   0.064 -0.001  0.572 -0.297  1.000
270
262.655 +- 0.396099
15 +- 0.0366519
[#0] WARNING:InputArguments -- RooAbsPdf::fitTo(signal) WARNING: a likelihood fit is request of what appears to be weighted data. 
       While the estimated values of the parameters will always be calculated taking the weights into account, 
       there are multiple ways to estimate the errors on these parameter values. You are advised to make an 
       explicit choice on the error calculation: 
           - Either provide SumW2Error(kTRUE), to calculate a sum-of-weights corrected HESSE error matrix 
             (error will be proportional to the number of events)
           - Or provide SumW2Error(kFALSE), to return errors from original HESSE error matrix
             (which will be proportional to the sum of the weights)
       If you want the errors to reflect the information contained in the provided dataset, choose kTRUE. 
       If you want the errors to reflect the precision you would be able to obtain with an unweighted dataset 
       with 'sum-of-weights' events, choose kFALSE.
 **********
 **   13 **MIGRAD        2500           1
 **********
 FIRST CALL TO USER FUNCTION AT NEW START POINT, WITH IFLAG=4.
 START MIGRAD MINIMIZATION.  STRATEGY  1.  CONVERGENCE WHEN EDM .LT. 1.00e-03
 FCN=8301.08 FROM MIGRAD    STATUS=INITIATE       43 CALLS          44 TOTAL
                     EDM= unknown      STRATEGY= 1      NO ERROR MATRIX       
  EXT PARAMETER               CURRENT GUESS       STEP         FIRST   
  NO.   NAME      VALUE            ERROR          SIZE      DERIVATIVE 
   1  sg_p0        2.65000e+02   3.00000e+00   0.00000e+00   1.57276e+02
   2  sg_p1        8.50000e+00   1.30000e+00   0.00000e+00  -7.20874e+02
   3  sg_p2        2.70000e+02   5.20000e+01   0.00000e+00   1.31136e+02
   4  sg_p3        6.67985e+01   2.90000e+01  -6.53900e-01   6.21676e+00
   5  sg_p4        7.50000e-01   5.00000e-02   0.00000e+00   1.55343e+02
                               ERR DEF= 0.5
 MIGRAD MINIMIZATION HAS CONVERGED.
 MIGRAD WILL VERIFY CONVERGENCE AND ERROR MATRIX.
 COVARIANCE MATRIX CALCULATED SUCCESSFULLY
 FCN=7960.31 FROM MIGRAD    STATUS=CONVERGED     215 CALLS         216 TOTAL
                     EDM=0.000112509    STRATEGY= 1      ERROR MATRIX ACCURATE 
  EXT PARAMETER                                   STEP         FIRST   
  NO.   NAME      VALUE            ERROR          SIZE      DERIVATIVE 
   1  sg_p0        2.63717e+02   4.03328e-01   1.64549e-03   2.85410e-02
   2  sg_p1        1.50000e+01   4.16874e-02   6.99690e-03** at limit **
   3  sg_p2        3.26691e+02   1.09550e+01   1.90596e-03  -1.07432e-01
   4  sg_p3        7.56151e+01   6.41429e+00   2.71105e-03   7.69878e-02
   5  sg_p4        9.03852e-01   1.08010e-02   2.78869e-03  -3.02927e-02
                               ERR DEF= 0.5
 EXTERNAL ERROR MATRIX.    NDIM=  25    NPAR=  5    ERR DEF=0.5
  1.627e-01 -1.817e-07 -1.584e-01  2.985e-01  2.635e-04 
 -1.817e-07  2.669e-07 -1.400e-05  2.491e-06 -1.659e-08 
 -1.584e-01 -1.400e-05  1.201e+02 -3.790e+01  6.574e-02 
  2.985e-01  2.491e-06 -3.790e+01  4.118e+01 -1.657e-02 
  2.635e-04 -1.659e-08  6.574e-02 -1.657e-02  1.168e-04 
 PARAMETER  CORRELATION COEFFICIENTS  
       NO.  GLOBAL      1      2      3      4      5
        1  0.14787   1.000 -0.001 -0.036  0.115  0.060
        2  0.00326  -0.001  1.000 -0.002  0.001 -0.003
        3  0.69527  -0.036 -0.002  1.000 -0.539  0.555
        4  0.55108   0.115  0.001 -0.539  1.000 -0.239
        5  0.56440   0.060 -0.003  0.555 -0.239  1.000
 **********
 **   18 **HESSE        2500
 **********
 COVARIANCE MATRIX CALCULATED SUCCESSFULLY
 FCN=7960.31 FROM HESSE     STATUS=OK             31 CALLS         247 TOTAL
                     EDM=0.000114252    STRATEGY= 1      ERROR MATRIX ACCURATE 
  EXT PARAMETER                                INTERNAL      INTERNAL  
  NO.   NAME      VALUE            ERROR       STEP SIZE       VALUE   
   1  sg_p0        2.63717e+02   4.03375e-01   3.29097e-04  -8.56522e-02
   2  sg_p1        1.50000e+01   4.16903e-02   1.39938e-03   1.57009e+00
                                 WARNING -   - ABOVE PARAMETER IS AT LIMIT.
   3  sg_p2        3.26691e+02   1.10364e+01   3.81192e-04   2.19808e-01
   4  sg_p3        7.56151e+01   6.46046e+00   1.08442e-04  -5.79352e-01
   5  sg_p4        9.03852e-01   1.08250e-02   5.57738e-04   6.62902e-01
                               ERR DEF= 0.5
 EXTERNAL ERROR MATRIX.    NDIM=  25    NPAR=  5    ERR DEF=0.5
  1.628e-01  1.090e-10 -1.678e-01  3.031e-01  2.586e-04 
  1.090e-10  2.669e-07  8.739e-09 -1.723e-09  1.020e-11 
 -1.678e-01  8.739e-09  1.219e+02 -3.912e+01  6.671e-02 
  3.031e-01 -1.723e-09 -3.912e+01  4.178e+01 -1.726e-02 
  2.586e-04  1.020e-11  6.671e-02 -1.726e-02  1.173e-04 
 PARAMETER  CORRELATION COEFFICIENTS  
       NO.  GLOBAL      1      2      3      4      5
        1  0.14863   1.000  0.000 -0.038  0.116  0.059
        2  0.00000   0.000  1.000  0.000 -0.000  0.000
        3  0.70071  -0.038  0.000  1.000 -0.548  0.558
        4  0.56000   0.116 -0.000 -0.548  1.000 -0.247
        5  0.56706   0.059  0.000  0.558 -0.247  1.000
270
263.717 +- 0.403375
15 +- 0.0416903
[#0] WARNING:InputArguments -- RooAbsPdf::fitTo(signal) WARNING: a likelihood fit is request of what appears to be weighted data. 
       While the estimated values of the parameters will always be calculated taking the weights into account, 
       there are multiple ways to estimate the errors on these parameter values. You are advised to make an 
       explicit choice on the error calculation: 
           - Either provide SumW2Error(kTRUE), to calculate a sum-of-weights corrected HESSE error matrix 
             (error will be proportional to the number of events)
           - Or provide SumW2Error(kFALSE), to return errors from original HESSE error matrix
             (which will be proportional to the sum of the weights)
       If you want the errors to reflect the information contained in the provided dataset, choose kTRUE. 
       If you want the errors to reflect the precision you would be able to obtain with an unweighted dataset 
       with 'sum-of-weights' events, choose kFALSE.
 **********
 **   13 **MIGRAD        2500           1
 **********
 FIRST CALL TO USER FUNCTION AT NEW START POINT, WITH IFLAG=4.
 START MIGRAD MINIMIZATION.  STRATEGY  1.  CONVERGENCE WHEN EDM .LT. 1.00e-03
 FCN=8131.38 FROM MIGRAD    STATUS=INITIATE       44 CALLS          45 TOTAL
                     EDM= unknown      STRATEGY= 1      NO ERROR MATRIX       
  EXT PARAMETER               CURRENT GUESS       STEP         FIRST   
  NO.   NAME      VALUE            ERROR          SIZE      DERIVATIVE 
   1  sg_p0        2.65000e+02   3.00000e+00   0.00000e+00   4.48644e+02
   2  sg_p1        8.50000e+00   1.30000e+00   0.00000e+00  -7.91305e+02
   3  sg_p2        2.70000e+02   5.20000e+01   0.00000e+00   3.73822e+02
   4  sg_p3        6.56628e+01   2.90000e+01  -6.63806e-01   5.24608e+01
   5  sg_p4        7.50000e-01   5.00000e-02   0.00000e+00   1.60990e+02
                               ERR DEF= 0.5
 MIGRAD MINIMIZATION HAS CONVERGED.
 MIGRAD WILL VERIFY CONVERGENCE AND ERROR MATRIX.
 COVARIANCE MATRIX CALCULATED SUCCESSFULLY
 FCN=7699.77 FROM MIGRAD    STATUS=CONVERGED     264 CALLS         265 TOTAL
                     EDM=1.20255e-05    STRATEGY= 1      ERROR MATRIX ACCURATE 
  EXT PARAMETER                                   STEP         FIRST   
  NO.   NAME      VALUE            ERROR          SIZE      DERIVATIVE 
   1  sg_p0        2.61106e+02   3.97606e-01   1.64949e-03   6.43216e-02
   2  sg_p1        1.50000e+01   4.40817e-02   7.05863e-03** at limit **
   3  sg_p2        3.31806e+02   1.18077e+01   2.04938e-03   4.68003e-02
   4  sg_p3        7.39962e+01   6.87793e+00   2.89900e-03   4.25993e-02
   5  sg_p4        9.20380e-01   9.82533e-03   2.67537e-03  -4.86834e-02
                               ERR DEF= 0.5
 EXTERNAL ERROR MATRIX.    NDIM=  25    NPAR=  5    ERR DEF=0.5
  1.581e-01 -4.250e-09  7.358e-02  1.895e-01  3.289e-04 
 -4.250e-09  8.677e-11 -3.111e-07  6.344e-08 -2.998e-10 
  7.358e-02 -3.111e-07  1.395e+02 -4.404e+01  6.552e-02 
  1.895e-01  6.344e-08 -4.404e+01  4.736e+01 -1.922e-02 
  3.289e-04 -2.998e-10  6.552e-02 -1.922e-02  9.663e-05 
 PARAMETER  CORRELATION COEFFICIENTS  
       NO.  GLOBAL      1      2      3      4      5
        1  0.12888   1.000 -0.001  0.016  0.069  0.084
        2  0.00364  -0.001  1.000 -0.003  0.001 -0.003
        3  0.69043   0.016 -0.003  1.000 -0.542  0.564
        4  0.54763   0.069  0.001 -0.542  1.000 -0.284
        5  0.56955   0.084 -0.003  0.564 -0.284  1.000
 **********
 **   18 **HESSE        2500
 **********
 COVARIANCE MATRIX CALCULATED SUCCESSFULLY
 FCN=7699.77 FROM HESSE     STATUS=OK             31 CALLS         296 TOTAL
                     EDM=1.20761e-05    STRATEGY= 1      ERROR MATRIX ACCURATE 
  EXT PARAMETER                                INTERNAL      INTERNAL  
  NO.   NAME      VALUE            ERROR       STEP SIZE       VALUE   
   1  sg_p0        2.61106e+02   3.97608e-01   3.29897e-04  -2.62628e-01
   2  sg_p1        1.50000e+01   4.40850e-02   1.41173e-03   1.57081e+00
                                 WARNING -   - ABOVE PARAMETER IS AT LIMIT.
   3  sg_p2        3.31806e+02   1.19031e+01   4.09876e-04   2.40013e-01
   4  sg_p3        7.39962e+01   6.93093e+00   1.15960e-04  -5.92753e-01
   5  sg_p4        9.20380e-01   9.85509e-03   5.35074e-04   7.49837e-01
                               ERR DEF= 0.5
 EXTERNAL ERROR MATRIX.    NDIM=  25    NPAR=  5    ERR DEF=0.5
  1.581e-01 -8.535e-10  6.846e-02  1.911e-01  3.266e-04 
 -8.535e-10  8.678e-11 -6.392e-08  1.351e-08 -6.118e-11 
  6.846e-02 -6.392e-08  1.418e+02 -4.555e+01  6.667e-02 
  1.911e-01  1.351e-08 -4.555e+01  4.809e+01 -2.000e-02 
  3.266e-04 -6.118e-11  6.667e-02 -2.000e-02  9.722e-05 
 PARAMETER  CORRELATION COEFFICIENTS  
       NO.  GLOBAL      1      2      3      4      5
        1  0.12891   1.000 -0.000  0.014  0.069  0.083
        2  0.00074  -0.000  1.000 -0.001  0.000 -0.001
        3  0.69646   0.014 -0.001  1.000 -0.552  0.568
        4  0.55728   0.069  0.000 -0.552  1.000 -0.292
        5  0.57312   0.083 -0.001  0.568 -0.292  1.000
270
261.106 +- 0.397608
15 +- 0.044085
[#0] WARNING:InputArguments -- RooAbsPdf::fitTo(signal) WARNING: a likelihood fit is request of what appears to be weighted data. 
       While the estimated values of the parameters will always be calculated taking the weights into account, 
       there are multiple ways to estimate the errors on these parameter values. You are advised to make an 
       explicit choice on the error calculation: 
           - Either provide SumW2Error(kTRUE), to calculate a sum-of-weights corrected HESSE error matrix 
             (error will be proportional to the number of events)
           - Or provide SumW2Error(kFALSE), to return errors from original HESSE error matrix
             (which will be proportional to the sum of the weights)
       If you want the errors to reflect the information contained in the provided dataset, choose kTRUE. 
       If you want the errors to reflect the precision you would be able to obtain with an unweighted dataset 
       with 'sum-of-weights' events, choose kFALSE.
 **********
 **   13 **MIGRAD        2500           1
 **********
 FIRST CALL TO USER FUNCTION AT NEW START POINT, WITH IFLAG=4.
 START MIGRAD MINIMIZATION.  STRATEGY  1.  CONVERGENCE WHEN EDM .LT. 1.00e-03
 FCN=6358.39 FROM MIGRAD    STATUS=INITIATE       18 CALLS          19 TOTAL
                     EDM= unknown      STRATEGY= 1      NO ERROR MATRIX       
  EXT PARAMETER               CURRENT GUESS       STEP         FIRST   
  NO.   NAME      VALUE            ERROR          SIZE      DERIVATIVE 
   1  sg_p0        2.70000e+02   2.00000e+00   2.01358e-01  -2.79566e+02
   2  sg_p1        5.00000e+00   6.00000e-01   2.01358e-01  -1.50106e+02
   3  sg_p2        1.79500e+02   3.41000e+01   2.01358e-01   1.43645e+00
   4  sg_p3        1.55000e+02   2.90000e+01   2.01358e-01   1.18935e+01
   5  sg_p4        7.50000e-01   5.00000e-02   2.01358e-01   1.12505e+02
                               ERR DEF= 0.5
 MIGRAD MINIMIZATION HAS CONVERGED.
 MIGRAD WILL VERIFY CONVERGENCE AND ERROR MATRIX.
 COVARIANCE MATRIX CALCULATED SUCCESSFULLY
 FCN=6301.03 FROM MIGRAD    STATUS=CONVERGED     228 CALLS         229 TOTAL
                     EDM=6.55748e-07    STRATEGY= 1      ERROR MATRIX ACCURATE 
  EXT PARAMETER                                   STEP         FIRST   
  NO.   NAME      VALUE            ERROR          SIZE      DERIVATIVE 
   1  sg_p0        2.70677e+02   1.72165e-01   9.18183e-04   1.47070e-02
   2  sg_p1        5.07770e+00   1.66247e-01   2.54292e-03  -1.24810e-03
   3  sg_p2        2.62057e+02   9.37512e+00   1.10376e-03  -2.64630e-02
   4  sg_p3        4.25329e+01   5.68857e+00   1.50462e-03  -2.35495e-02
   5  sg_p4        6.46200e-01   3.59740e-02   4.14748e-03   5.84314e-03
                               ERR DEF= 0.5
 EXTERNAL ERROR MATRIX.    NDIM=  25    NPAR=  5    ERR DEF=0.5
  2.964e-02 -1.980e-03 -3.797e-01  1.772e-01 -1.311e-03 
 -1.980e-03  2.767e-02  2.898e-01  1.419e-02  2.579e-03 
 -3.797e-01  2.898e-01  8.801e+01 -4.644e+01  2.783e-01 
  1.772e-01  1.419e-02 -4.644e+01  3.240e+01 -1.232e-01 
 -1.311e-03  2.579e-03  2.783e-01 -1.232e-01  1.305e-03 
 PARAMETER  CORRELATION COEFFICIENTS  
       NO.  GLOBAL      1      2      3      4      5
        1  0.24028   1.000 -0.069 -0.235  0.181 -0.211
        2  0.54786  -0.069  1.000  0.186  0.015  0.429
        3  0.94759  -0.235  0.186  1.000 -0.870  0.821
        4  0.89770   0.181  0.015 -0.870  1.000 -0.599
        5  0.87941  -0.211  0.429  0.821 -0.599  1.000
 **********
 **   18 **HESSE        2500
 **********
 COVARIANCE MATRIX CALCULATED SUCCESSFULLY
 FCN=6301.03 FROM HESSE     STATUS=OK             31 CALLS         260 TOTAL
                     EDM=6.88941e-07    STRATEGY= 1      ERROR MATRIX ACCURATE 
  EXT PARAMETER                                INTERNAL      INTERNAL  
  NO.   NAME      VALUE            ERROR       STEP SIZE       VALUE   
   1  sg_p0        2.70677e+02   1.72924e-01   1.83637e-04   6.77760e-02
   2  sg_p1        5.07770e+00   1.66149e-01   1.01717e-04   2.59024e-02
   3  sg_p2        2.62057e+02   1.02016e+01   4.41505e-05   5.05456e-01
   4  sg_p3        4.25329e+01   6.20016e+00   6.01848e-05  -8.87721e-01
   5  sg_p4        6.46200e-01   3.77070e-02   1.65899e-04  -4.28163e-01
                               ERR DEF= 0.5
 EXTERNAL ERROR MATRIX.    NDIM=  25    NPAR=  5    ERR DEF=0.5
  2.991e-02 -2.057e-03 -4.449e-01  2.178e-01 -1.495e-03 
 -2.057e-03  2.763e-02  3.050e-01  2.707e-03  2.616e-03 
 -4.449e-01  3.050e-01  1.042e+02 -5.647e+01  3.244e-01 
  2.178e-01  2.707e-03 -5.647e+01  3.850e+01 -1.520e-01 
 -1.495e-03  2.616e-03  3.244e-01 -1.520e-01  1.435e-03 
 PARAMETER  CORRELATION COEFFICIENTS  
       NO.  GLOBAL      1      2      3      4      5
        1  0.25688   1.000 -0.072 -0.252  0.203 -0.228
        2  0.54710  -0.072  1.000  0.180  0.003  0.415
        3  0.95594  -0.252  0.180  1.000 -0.891  0.839
        4  0.91467   0.203  0.003 -0.891  1.000 -0.647
        5  0.89101  -0.228  0.415  0.839 -0.647  1.000
270
270.677 +- 0.172924
5.0777 +- 0.166149
 fit done 
[#0] WARNING:InputArguments -- RooAbsPdf::fitTo(signal) WARNING: a likelihood fit is request of what appears to be weighted data. 
       While the estimated values of the parameters will always be calculated taking the weights into account, 
       there are multiple ways to estimate the errors on these parameter values. You are advised to make an 
       explicit choice on the error calculation: 
           - Either provide SumW2Error(kTRUE), to calculate a sum-of-weights corrected HESSE error matrix 
             (error will be proportional to the number of events)
           - Or provide SumW2Error(kFALSE), to return errors from original HESSE error matrix
             (which will be proportional to the sum of the weights)
       If you want the errors to reflect the information contained in the provided dataset, choose kTRUE. 
       If you want the errors to reflect the precision you would be able to obtain with an unweighted dataset 
       with 'sum-of-weights' events, choose kFALSE.
 **********
 **   13 **MIGRAD        2500           1
 **********
 FIRST CALL TO USER FUNCTION AT NEW START POINT, WITH IFLAG=4.
 START MIGRAD MINIMIZATION.  STRATEGY  1.  CONVERGENCE WHEN EDM .LT. 1.00e-03
 FCN=6365.99 FROM MIGRAD    STATUS=INITIATE       16 CALLS          17 TOTAL
                     EDM= unknown      STRATEGY= 1      NO ERROR MATRIX       
  EXT PARAMETER               CURRENT GUESS       STEP         FIRST   
  NO.   NAME      VALUE            ERROR          SIZE      DERIVATIVE 
   1  sg_p0        2.70000e+02   2.00000e+00   2.01358e-01  -3.03648e+02
   2  sg_p1        5.00000e+00   6.00000e-01   2.01358e-01  -1.61990e+02
   3  sg_p2        1.79500e+02   3.41000e+01   2.01358e-01  -2.65770e+00
   4  sg_p3        1.55000e+02   2.90000e+01   2.01358e-01   8.50425e+00
   5  sg_p4        7.50000e-01   5.00000e-02   2.01358e-01   1.31190e+02
                               ERR DEF= 0.5
 MIGRAD MINIMIZATION HAS CONVERGED.
 MIGRAD WILL VERIFY CONVERGENCE AND ERROR MATRIX.
 COVARIANCE MATRIX CALCULATED SUCCESSFULLY
 FCN=6299.61 FROM MIGRAD    STATUS=CONVERGED     237 CALLS         238 TOTAL
                     EDM=7.93407e-07    STRATEGY= 1      ERROR MATRIX ACCURATE 
  EXT PARAMETER                                   STEP         FIRST   
  NO.   NAME      VALUE            ERROR          SIZE      DERIVATIVE 
   1  sg_p0        2.70692e+02   1.77044e-01   9.42241e-04   3.84277e-02
   2  sg_p1        5.17409e+00   1.71536e-01   2.60847e-03  -2.11829e-03
   3  sg_p2        2.70838e+02   6.84551e+00   1.03343e-03   5.78086e-03
   4  sg_p3        3.91980e+01   4.62395e+00   1.61118e-03   1.03114e-02
   5  sg_p4        6.64184e-01   3.27535e-02   3.88817e-03   5.22515e-03
                               ERR DEF= 0.5
 EXTERNAL ERROR MATRIX.    NDIM=  25    NPAR=  5    ERR DEF=0.5
  3.135e-02 -1.758e-03 -3.016e-01  1.665e-01 -1.164e-03 
 -1.758e-03  2.946e-02  3.251e-01 -2.221e-02  2.675e-03 
 -3.016e-01  3.251e-01  4.690e+01 -2.546e+01  1.845e-01 
  1.665e-01 -2.221e-02 -2.546e+01  2.140e+01 -8.613e-02 
 -1.164e-03  2.675e-03  1.845e-01 -8.613e-02  1.080e-03 
 PARAMETER  CORRELATION COEFFICIENTS  
       NO.  GLOBAL      1      2      3      4      5
        1  0.24905   1.000 -0.058 -0.249  0.203 -0.200
        2  0.55757  -0.058  1.000  0.277 -0.028  0.474
        3  0.91827  -0.249  0.277  1.000 -0.804  0.820
        4  0.83247   0.203 -0.028 -0.804  1.000 -0.567
        5  0.86222  -0.200  0.474  0.820 -0.567  1.000
 **********
 **   18 **HESSE        2500
 **********
 COVARIANCE MATRIX CALCULATED SUCCESSFULLY
 FCN=6299.61 FROM HESSE     STATUS=OK             31 CALLS         269 TOTAL
                     EDM=7.9228e-07    STRATEGY= 1      ERROR MATRIX ACCURATE 
  EXT PARAMETER                                INTERNAL      INTERNAL  
  NO.   NAME      VALUE            ERROR       STEP SIZE       VALUE   
   1  sg_p0        2.70692e+02   1.77623e-01   1.88448e-04   6.92275e-02
   2  sg_p1        5.17409e+00   1.71578e-01   1.04339e-04   5.80618e-02
   3  sg_p2        2.70838e+02   7.18808e+00   4.13373e-05   5.65345e-01
   4  sg_p3        3.91980e+01   4.86021e+00   6.44473e-05  -9.25023e-01
   5  sg_p4        6.64184e-01   3.36636e-02   1.55527e-04  -3.50391e-01
                               ERR DEF= 0.5
 EXTERNAL ERROR MATRIX.    NDIM=  25    NPAR=  5    ERR DEF=0.5
  3.155e-02 -1.878e-03 -3.331e-01  1.884e-01 -1.276e-03 
 -1.878e-03  2.947e-02  3.399e-01 -3.425e-02  2.726e-03 
 -3.331e-01  3.399e-01  5.171e+01 -2.882e+01  2.017e-01 
  1.884e-01 -3.425e-02 -2.882e+01  2.365e+01 -9.825e-02 
 -1.276e-03  2.726e-03  2.017e-01 -9.825e-02  1.141e-03 
 PARAMETER  CORRELATION COEFFICIENTS  
       NO.  GLOBAL      1      2      3      4      5
        1  0.26103   1.000 -0.062 -0.261  0.218 -0.213
        2  0.55787  -0.062  1.000  0.275 -0.041  0.470
        3  0.92618  -0.261  0.275  1.000 -0.824  0.830
        4  0.84979   0.218 -0.041 -0.824  1.000 -0.598
        5  0.87017  -0.213  0.470  0.830 -0.598  1.000
270
270.692 +- 0.177623
5.17409 +- 0.171578
[#0] WARNING:InputArguments -- RooAbsPdf::fitTo(signal) WARNING: a likelihood fit is request of what appears to be weighted data. 
       While the estimated values of the parameters will always be calculated taking the weights into account, 
       there are multiple ways to estimate the errors on these parameter values. You are advised to make an 
       explicit choice on the error calculation: 
           - Either provide SumW2Error(kTRUE), to calculate a sum-of-weights corrected HESSE error matrix 
             (error will be proportional to the number of events)
           - Or provide SumW2Error(kFALSE), to return errors from original HESSE error matrix
             (which will be proportional to the sum of the weights)
       If you want the errors to reflect the information contained in the provided dataset, choose kTRUE. 
       If you want the errors to reflect the precision you would be able to obtain with an unweighted dataset 
       with 'sum-of-weights' events, choose kFALSE.
 **********
 **   13 **MIGRAD        2500           1
 **********
 FIRST CALL TO USER FUNCTION AT NEW START POINT, WITH IFLAG=4.
 START MIGRAD MINIMIZATION.  STRATEGY  1.  CONVERGENCE WHEN EDM .LT. 1.00e-03
 FCN=6100.43 FROM MIGRAD    STATUS=INITIATE       38 CALLS          39 TOTAL
                     EDM= unknown      STRATEGY= 1      NO ERROR MATRIX       
  EXT PARAMETER               CURRENT GUESS       STEP         FIRST   
  NO.   NAME      VALUE            ERROR          SIZE      DERIVATIVE 
   1  sg_p0        2.70000e+02   2.00000e+00   0.00000e+00  -1.76480e+02
   2  sg_p1        5.00000e+00   6.00000e-01   0.00000e+00  -9.50553e+01
   3  sg_p2        1.79500e+02   3.41000e+01   0.00000e+00  -1.03797e+01
   4  sg_p3        1.15860e+02   2.90000e+01  -2.73322e-01   1.99528e+00
   5  sg_p4        7.50000e-01   5.00000e-02   0.00000e+00   1.00751e+02
                               ERR DEF= 0.5
 MIGRAD MINIMIZATION HAS CONVERGED.
 MIGRAD WILL VERIFY CONVERGENCE AND ERROR MATRIX.
 COVARIANCE MATRIX CALCULATED SUCCESSFULLY
 FCN=6063.49 FROM MIGRAD    STATUS=CONVERGED     263 CALLS         264 TOTAL
                     EDM=9.43817e-06    STRATEGY= 1      ERROR MATRIX ACCURATE 
  EXT PARAMETER                                   STEP         FIRST   
  NO.   NAME      VALUE            ERROR          SIZE      DERIVATIVE 
   1  sg_p0        2.70469e+02   1.64489e-01   8.67373e-04   9.78651e-02
   2  sg_p1        4.85345e+00   1.61763e-01   2.44261e-03   2.33446e-02
   3  sg_p2        2.42939e+02   1.76038e+01   1.34178e-03  -9.41851e-03
   4  sg_p3        5.09965e+01   8.69738e+00   1.37274e-03  -8.34558e-03
   5  sg_p4        6.09562e-01   4.12691e-02   4.72433e-03  -1.03290e-02
                               ERR DEF= 0.5
 EXTERNAL ERROR MATRIX.    NDIM=  25    NPAR=  5    ERR DEF=0.5
  2.706e-02 -1.143e-03 -5.339e-01  2.032e-01 -1.240e-03 
 -1.143e-03  2.619e-02  2.008e-01  9.614e-02  2.479e-03 
 -5.339e-01  2.008e-01  3.112e+02 -1.431e+02  5.930e-01 
  2.032e-01  9.614e-02 -1.431e+02  7.583e+01 -2.285e-01 
 -1.240e-03  2.479e-03  5.930e-01 -2.285e-01  1.726e-03 
 PARAMETER  CORRELATION COEFFICIENTS  
       NO.  GLOBAL      1      2      3      4      5
        1  0.20148   1.000 -0.043 -0.184  0.142 -0.181
        2  0.54100  -0.043  1.000  0.070  0.068  0.369
        3  0.97454  -0.184  0.070  1.000 -0.932  0.809
        4  0.95515   0.142  0.068 -0.932  1.000 -0.632
        5  0.89940  -0.181  0.369  0.809 -0.632  1.000
 **********
 **   18 **HESSE        2500
 **********
 COVARIANCE MATRIX CALCULATED SUCCESSFULLY
 FCN=6063.49 FROM HESSE     STATUS=OK             31 CALLS         295 TOTAL
                     EDM=1.17248e-05    STRATEGY= 1      ERROR MATRIX ACCURATE 
  EXT PARAMETER                                INTERNAL      INTERNAL  
  NO.   NAME      VALUE            ERROR       STEP SIZE       VALUE   
   1  sg_p0        2.70469e+02   1.65601e-01   1.73475e-04   4.69431e-02
   2  sg_p1        4.85345e+00   1.61522e-01   4.88521e-04  -4.88702e-02
   3  sg_p2        2.42939e+02   2.15740e+01   5.36712e-05   3.81246e-01
   4  sg_p3        5.09965e+01   1.06929e+01   5.49095e-05  -7.99870e-01
   5  sg_p4        6.09562e-01   4.63125e-02   1.88973e-04  -5.96502e-01
                               ERR DEF= 0.5
 EXTERNAL ERROR MATRIX.    NDIM=  25    NPAR=  5    ERR DEF=0.5
  2.743e-02 -1.089e-03 -7.748e-01  3.240e-01 -1.649e-03 
 -1.089e-03  2.611e-02  1.620e-01  1.121e-01  2.395e-03 
 -7.748e-01  1.620e-01  4.683e+02 -2.215e+02  8.616e-01 
  3.240e-01  1.121e-01 -2.215e+02  1.148e+02 -3.632e-01 
 -1.649e-03  2.395e-03  8.616e-01 -3.632e-01  2.182e-03 
 PARAMETER  CORRELATION COEFFICIENTS  
       NO.  GLOBAL      1      2      3      4      5
        1  0.23115   1.000 -0.041 -0.216  0.183 -0.213
        2  0.53904  -0.041  1.000  0.046  0.065  0.317
        3  0.98316  -0.216  0.046  1.000 -0.955  0.852
        4  0.97060   0.183  0.065 -0.955  1.000 -0.726
        5  0.92131  -0.213  0.317  0.852 -0.726  1.000
270
270.469 +- 0.165601
4.85345 +- 0.161522
[#0] WARNING:InputArguments -- RooAbsPdf::fitTo(signal) WARNING: a likelihood fit is request of what appears to be weighted data. 
       While the estimated values of the parameters will always be calculated taking the weights into account, 
       there are multiple ways to estimate the errors on these parameter values. You are advised to make an 
       explicit choice on the error calculation: 
           - Either provide SumW2Error(kTRUE), to calculate a sum-of-weights corrected HESSE error matrix 
             (error will be proportional to the number of events)
           - Or provide SumW2Error(kFALSE), to return errors from original HESSE error matrix
             (which will be proportional to the sum of the weights)
       If you want the errors to reflect the information contained in the provided dataset, choose kTRUE. 
       If you want the errors to reflect the precision you would be able to obtain with an unweighted dataset 
       with 'sum-of-weights' events, choose kFALSE.
 **********
 **   13 **MIGRAD        2500           1
 **********
 FIRST CALL TO USER FUNCTION AT NEW START POINT, WITH IFLAG=4.
 START MIGRAD MINIMIZATION.  STRATEGY  1.  CONVERGENCE WHEN EDM .LT. 1.00e-03
 FCN=6207.91 FROM MIGRAD    STATUS=INITIATE       18 CALLS          19 TOTAL
                     EDM= unknown      STRATEGY= 1      NO ERROR MATRIX       
  EXT PARAMETER               CURRENT GUESS       STEP         FIRST   
  NO.   NAME      VALUE            ERROR          SIZE      DERIVATIVE 
   1  sg_p0        2.70000e+02   2.00000e+00   2.01358e-01  -2.64216e+02
   2  sg_p1        5.00000e+00   6.00000e-01   2.01358e-01  -1.71360e+02
   3  sg_p2        1.79500e+02   3.41000e+01   2.01358e-01   4.14298e-01
   4  sg_p3        1.55000e+02   2.90000e+01   2.01358e-01   1.11372e+01
   5  sg_p4        7.50000e-01   5.00000e-02   2.01358e-01   1.18895e+02
                               ERR DEF= 0.5
 MIGRAD MINIMIZATION HAS CONVERGED.
 MIGRAD WILL VERIFY CONVERGENCE AND ERROR MATRIX.
 COVARIANCE MATRIX CALCULATED SUCCESSFULLY
 FCN=6146.33 FROM MIGRAD    STATUS=CONVERGED     215 CALLS         216 TOTAL
                     EDM=6.61513e-05    STRATEGY= 1      ERROR MATRIX ACCURATE 
  EXT PARAMETER                                   STEP         FIRST   
  NO.   NAME      VALUE            ERROR          SIZE      DERIVATIVE 
   1  sg_p0        2.70656e+02   1.81990e-01   9.51015e-04   2.93883e-01
   2  sg_p1        5.20924e+00   1.80376e-01   2.66180e-03   1.75576e-02
   3  sg_p2        2.64216e+02   9.79599e+00   1.09853e-03   2.68338e-01
   4  sg_p3        4.19600e+01   6.09659e+00   1.54906e-03  -8.69463e-02
   5  sg_p4        6.49014e-01   3.85333e-02   4.14029e-03  -7.85398e-02
                               ERR DEF= 0.5
 EXTERNAL ERROR MATRIX.    NDIM=  25    NPAR=  5    ERR DEF=0.5
  3.312e-02 -1.986e-03 -4.776e-01 -2.455e-01 -1.622e-03 
 -1.986e-03  3.258e-02  3.816e-01  8.852e-03  3.179e-03 
 -4.776e-01  3.816e-01  9.610e+01  5.251e+01  3.182e-01 
 -2.455e-01  8.852e-03  5.251e+01  3.722e+01  1.487e-01 
 -1.622e-03  3.179e-03  3.182e-01  1.487e-01  1.499e-03 
 PARAMETER  CORRELATION COEFFICIENTS  
       NO.  GLOBAL      1      2      3      4      5
        1  0.26944   1.000 -0.060 -0.268 -0.221 -0.230
        2  0.57936  -0.060  1.000  0.216  0.008  0.455
        3  0.95227  -0.268  0.216  1.000  0.878  0.838
        4  0.90487  -0.221  0.008  0.878  1.000  0.630
        5  0.89253  -0.230  0.455  0.838  0.630  1.000
 **********
 **   18 **HESSE        2500
 **********
 COVARIANCE MATRIX CALCULATED SUCCESSFULLY
 FCN=6146.33 FROM HESSE     STATUS=OK             31 CALLS         247 TOTAL
                     EDM=6.61792e-05    STRATEGY= 1      ERROR MATRIX ACCURATE 
  EXT PARAMETER                                INTERNAL      INTERNAL  
  NO.   NAME      VALUE            ERROR       STEP SIZE       VALUE   
   1  sg_p0        2.70656e+02   1.81849e-01   1.90203e-04   6.56339e-02
   2  sg_p1        5.20924e+00   1.80330e-01   1.06472e-04   6.98019e-02
   3  sg_p2        2.64216e+02   9.67079e+00   2.19705e-04   5.19985e-01
   4  sg_p3        4.19600e+01   6.02003e+00   6.19622e-05  -2.24759e+00
   5  sg_p4        6.49014e-01   3.82479e-02   8.28058e-04  -4.15825e-01
                               ERR DEF= 0.5
 EXTERNAL ERROR MATRIX.    NDIM=  25    NPAR=  5    ERR DEF=0.5
  3.307e-02 -1.974e-03 -4.664e-01 -2.386e-01 -1.589e-03 
 -1.974e-03  3.256e-02  3.740e-01  4.110e-03  3.157e-03 
 -4.664e-01  3.740e-01  9.366e+01  5.099e+01  3.108e-01 
 -2.386e-01  4.110e-03  5.099e+01  3.629e+01  1.442e-01 
 -1.589e-03  3.157e-03  3.108e-01  1.442e-01  1.477e-03 
 PARAMETER  CORRELATION COEFFICIENTS  
       NO.  GLOBAL      1      2      3      4      5
        1  0.26676   1.000 -0.060 -0.265 -0.218 -0.227
        2  0.57907  -0.060  1.000  0.214  0.004  0.455
        3  0.95099  -0.265  0.214  1.000  0.875  0.836
        4  0.90230  -0.218  0.004  0.875  1.000  0.623
        5  0.89080  -0.227  0.455  0.836  0.623  1.000
270
270.656 +- 0.181849
5.20924 +- 0.18033
[#0] WARNING:InputArguments -- RooAbsPdf::fitTo(signal) WARNING: a likelihood fit is request of what appears to be weighted data. 
       While the estimated values of the parameters will always be calculated taking the weights into account, 
       there are multiple ways to estimate the errors on these parameter values. You are advised to make an 
       explicit choice on the error calculation: 
           - Either provide SumW2Error(kTRUE), to calculate a sum-of-weights corrected HESSE error matrix 
             (error will be proportional to the number of events)
           - Or provide SumW2Error(kFALSE), to return errors from original HESSE error matrix
             (which will be proportional to the sum of the weights)
       If you want the errors to reflect the information contained in the provided dataset, choose kTRUE. 
       If you want the errors to reflect the precision you would be able to obtain with an unweighted dataset 
       with 'sum-of-weights' events, choose kFALSE.
 **********
 **   13 **MIGRAD        2500           1
 **********
 FIRST CALL TO USER FUNCTION AT NEW START POINT, WITH IFLAG=4.
 START MIGRAD MINIMIZATION.  STRATEGY  1.  CONVERGENCE WHEN EDM .LT. 1.00e-03
 FCN=6345.12 FROM MIGRAD    STATUS=INITIATE       18 CALLS          19 TOTAL
                     EDM= unknown      STRATEGY= 1      NO ERROR MATRIX       
  EXT PARAMETER               CURRENT GUESS       STEP         FIRST   
  NO.   NAME      VALUE            ERROR          SIZE      DERIVATIVE 
   1  sg_p0        2.70000e+02   2.00000e+00   2.01358e-01  -2.76463e+02
   2  sg_p1        5.00000e+00   6.00000e-01   2.01358e-01  -1.12933e+02
   3  sg_p2        1.79500e+02   3.41000e+01   2.01358e-01   1.61677e+00
   4  sg_p3        1.55000e+02   2.90000e+01   2.01358e-01   1.12497e+01
   5  sg_p4        7.50000e-01   5.00000e-02   2.01358e-01   1.04922e+02
                               ERR DEF= 0.5
 MINUIT WARNING IN MIGRAD  
 ============== Negative diagonal element 4 in Error Matrix
 MINUIT WARNING IN MIGRAD  
 ============== 1.05988 added to diagonal of error matrix
[#0] WARNING:Minization -- RooFitGlue: Minimized function has error status.
Returning maximum FCN so far (9513.77) to force MIGRAD to back out of this region. Error log follows
Parameter values: sg_p0=269.51, sg_p1=3.81892, sg_p2=26.0784, sg_p3=20.4464, sg_p4=0.504154
RooGaussian::signalComb[ x=x mean=sg_p2 sigma=sg_p3 ]
     p.d.f normalization integral is zero or negative @ x=x=250.5, mean=sg_p2=26.0784, sigma=sg_p3=20.4464
     p.d.f normalization integral is zero or negative @ x=x=253.5, mean=sg_p2=26.0784, sigma=sg_p3=20.4464
     p.d.f normalization integral is zero or negative @ x=x=256.5, mean=sg_p2=26.0784, sigma=sg_p3=20.4464
     p.d.f normalization integral is zero or negative @ x=x=259.5, mean=sg_p2=26.0784, sigma=sg_p3=20.4464
     p.d.f normalization integral is zero or negative @ x=x=262.5, mean=sg_p2=26.0784, sigma=sg_p3=20.4464
     p.d.f normalization integral is zero or negative @ x=x=265.5, mean=sg_p2=26.0784, sigma=sg_p3=20.4464
     p.d.f normalization integral is zero or negative @ x=x=268.5, mean=sg_p2=26.0784, sigma=sg_p3=20.4464
     p.d.f normalization integral is zero or negative @ x=x=271.5, mean=sg_p2=26.0784, sigma=sg_p3=20.4464
     p.d.f normalization integral is zero or negative @ x=x=274.5, mean=sg_p2=26.0784, sigma=sg_p3=20.4464
     p.d.f normalization integral is zero or negative @ x=x=277.5, mean=sg_p2=26.0784, sigma=sg_p3=20.4464
     p.d.f normalization integral is zero or negative @ x=x=280.5, mean=sg_p2=26.0784, sigma=sg_p3=20.4464
     p.d.f normalization integral is zero or negative @ x=x=283.5, mean=sg_p2=26.0784, sigma=sg_p3=20.4464
    ... (remaining 24 messages suppressed)
RooNLLVar::nll_signal_signalHistogram[ paramSet=(sg_p0,sg_p1,sg_p2,sg_p3,sg_p4) ]
     function value is NAN @ paramSet=(sg_p0 = 269.51,sg_p1 = 3.81892,sg_p2 = 26.0784,sg_p3 = 20.4464,sg_p4 = 0.504154)
RooAddPdf::signal[ sg_p4 * signalCore + [%] * signalComb ]
     p.d.f value is Not-a-Number (-nan), forcing value to zero @ !refCoefNorm=(x = 250.5), !pdfs=(signalCore = 4.16274e-06/9.57261,signalComb = 6.90752e-27/0), !coefficients=(sg_p4 = 0.504154)
     getLogVal() top-level p.d.f evaluates to zero @ !refCoefNorm=(x = 250.5), !pdfs=(signalCore = 4.16274e-06/9.57261,signalComb = 6.90752e-27/0), !coefficients=(sg_p4 = 0.504154)
