
Processing test.c...
nSignal_init = 49200
test
test
[#0] WARNING:InputArguments -- RooAbsPdf::fitTo(signal) WARNING: a likelihood fit is request of what appears to be weighted data. 
       While the estimated values of the parameters will always be calculated taking the weights into account, 
       there are multiple ways to estimate the errors on these parameter values. You are advised to make an 
       explicit choice on the error calculation: 
           - Either provide SumW2Error(kTRUE), to calculate a sum-of-weights corrected HESSE error matrix 
             (error will be proportional to the number of events)
           - Or provide SumW2Error(kFALSE), to return errors from original HESSE error matrix
             (which will be proportional to the sum of the weights)
       If you want the errors to reflect the information contained in the provided dataset, choose kTRUE. 
       If you want the errors to reflect the precision you would be able to obtain with an unweighted dataset 
       with 'sum-of-weights' events, choose kFALSE.
 **********
 **   13 **MIGRAD        2500           1
 **********
 FIRST CALL TO USER FUNCTION AT NEW START POINT, WITH IFLAG=4.
 START MIGRAD MINIMIZATION.  STRATEGY  1.  CONVERGENCE WHEN EDM .LT. 1.00e-03
 FCN=13508.9 FROM MIGRAD    STATUS=INITIATE       20 CALLS          21 TOTAL
                     EDM= unknown      STRATEGY= 1      NO ERROR MATRIX       
  EXT PARAMETER               CURRENT GUESS       STEP         FIRST   
  NO.   NAME      VALUE            ERROR          SIZE      DERIVATIVE 
   1  sg_p0        6.05000e+02   9.00000e+00   2.01358e-01  -2.87056e+03
   2  sg_p1        2.35000e+01   3.30000e+00   2.01358e-01  -1.46321e+03
   3  sg_p2        5.75000e+02   1.50000e+01   2.01358e-01  -5.56470e+02
   4  sg_p3        7.00000e+01   1.20000e+01   2.01358e-01  -3.42658e+02
   5  sg_p4        8.50000e-01   3.00000e-02   2.01358e-01   2.11139e+02
                               ERR DEF= 0.5
 MIGRAD MINIMIZATION HAS CONVERGED.
 MIGRAD WILL VERIFY CONVERGENCE AND ERROR MATRIX.
 COVARIANCE MATRIX CALCULATED SUCCESSFULLY
 FCN=12287.8 FROM MIGRAD    STATUS=CONVERGED     597 CALLS         598 TOTAL
                     EDM=4.72558e-05    STRATEGY= 1      ERROR MATRIX ACCURATE 
  EXT PARAMETER                                   STEP         FIRST   
  NO.   NAME      VALUE            ERROR          SIZE      DERIVATIVE 
   1  sg_p0        6.31550e+02   1.07438e+00   1.68730e-03  -2.23582e-01
   2  sg_p1        3.53137e+01   1.11870e+00   4.47963e-03   6.27366e-02
   3  sg_p2        5.77635e+02   4.62466e+01   1.24400e-02   1.02159e-02
   4  sg_p3        6.47572e+01   2.35273e+01   1.70525e-02  -3.15130e-03
   5  sg_p4        9.66896e-01   3.39852e-02   6.34455e-03  -3.92355e-02
                               ERR DEF= 0.5
 EXTERNAL ERROR MATRIX.    NDIM=  25    NPAR=  5    ERR DEF=0.5
  1.155e+00 -4.604e-01 -1.111e+01  1.243e+01 -1.676e-02 
 -4.604e-01  1.255e+00  2.645e+01 -9.584e+00  2.747e-02 
 -1.111e+01  2.645e+01  2.484e+03  4.016e+02  1.548e+00 
  1.243e+01 -9.584e+00  4.016e+02  5.848e+02 -3.604e-02 
 -1.676e-02  2.747e-02  1.548e+00 -3.604e-02  1.209e-03 
 PARAMETER  CORRELATION COEFFICIENTS  
       NO.  GLOBAL      1      2      3      4      5
        1  0.66627   1.000 -0.382 -0.207  0.478 -0.449
        2  0.79846  -0.382  1.000  0.474 -0.354  0.705
        3  0.96990  -0.207  0.474  1.000  0.333  0.893
        4  0.84189   0.478 -0.354  0.333  1.000 -0.043
        5  0.97425  -0.449  0.705  0.893 -0.043  1.000
 **********
 **   18 **HESSE        2500
 **********
 COVARIANCE MATRIX CALCULATED SUCCESSFULLY
 FCN=12287.8 FROM HESSE     STATUS=OK             31 CALLS         629 TOTAL
                     EDM=4.61535e-05    STRATEGY= 1      ERROR MATRIX ACCURATE 
  EXT PARAMETER                                INTERNAL      INTERNAL  
  NO.   NAME      VALUE            ERROR       STEP SIZE       VALUE   
   1  sg_p0        6.31550e+02   1.06668e+00   3.37461e-04   6.31053e-01
   2  sg_p1        3.53137e+01   1.12240e+00   1.79185e-04   7.98026e-01
   3  sg_p2        5.77635e+02   4.57102e+01   2.48799e-03   3.10645e+00
   4  sg_p3        6.47572e+01   2.27278e+01   6.82099e-04   3.22908e+00
   5  sg_p4        9.66896e-01   3.40601e-02   1.26891e-03   8.93554e-01
                               ERR DEF= 0.5
 EXTERNAL ERROR MATRIX.    NDIM=  25    NPAR=  5    ERR DEF=0.5
  1.138e+00 -4.570e-01 -1.213e+01  1.173e+01 -1.703e-02 
 -4.570e-01  1.264e+00  2.725e+01 -9.434e+00  2.793e-02 
 -1.213e+01  2.725e+01  2.417e+03  3.349e+02  1.539e+00 
  1.173e+01 -9.434e+00  3.349e+02  5.436e+02 -5.744e-02 
 -1.703e-02  2.793e-02  1.539e+00 -5.744e-02  1.215e-03 
 PARAMETER  CORRELATION COEFFICIENTS  
       NO.  GLOBAL      1      2      3      4      5
        1  0.66019   1.000 -0.381 -0.231  0.472 -0.458
        2  0.79995  -0.381  1.000  0.493 -0.360  0.713
        3  0.96905  -0.231  0.493  1.000  0.292  0.898
        4  0.82847   0.472 -0.360  0.292  1.000 -0.071
        5  0.97437  -0.458  0.713  0.898 -0.071  1.000
650
631.55 +- 1.06668
35.3137 +- 1.1224
[#0] WARNING:InputArguments -- RooAbsPdf::fitTo(signal) WARNING: a likelihood fit is request of what appears to be weighted data. 
       While the estimated values of the parameters will always be calculated taking the weights into account, 
       there are multiple ways to estimate the errors on these parameter values. You are advised to make an 
       explicit choice on the error calculation: 
           - Either provide SumW2Error(kTRUE), to calculate a sum-of-weights corrected HESSE error matrix 
             (error will be proportional to the number of events)
           - Or provide SumW2Error(kFALSE), to return errors from original HESSE error matrix
             (which will be proportional to the sum of the weights)
       If you want the errors to reflect the information contained in the provided dataset, choose kTRUE. 
       If you want the errors to reflect the precision you would be able to obtain with an unweighted dataset 
       with 'sum-of-weights' events, choose kFALSE.
 **********
 **   13 **MIGRAD        2500           1
 **********
 FIRST CALL TO USER FUNCTION AT NEW START POINT, WITH IFLAG=4.
 START MIGRAD MINIMIZATION.  STRATEGY  1.  CONVERGENCE WHEN EDM .LT. 1.00e-03
 FCN=13608.2 FROM MIGRAD    STATUS=INITIATE       20 CALLS          21 TOTAL
                     EDM= unknown      STRATEGY= 1      NO ERROR MATRIX       
  EXT PARAMETER               CURRENT GUESS       STEP         FIRST   
  NO.   NAME      VALUE            ERROR          SIZE      DERIVATIVE 
   1  sg_p0        6.05000e+02   9.00000e+00   2.01358e-01  -3.05846e+03
   2  sg_p1        2.35000e+01   3.30000e+00   2.01358e-01  -1.60421e+03
   3  sg_p2        5.75000e+02   1.50000e+01   2.01358e-01  -6.11096e+02
   4  sg_p3        7.00000e+01   1.20000e+01   2.01358e-01  -3.92754e+02
   5  sg_p4        8.50000e-01   3.00000e-02   2.01358e-01   2.53615e+02
                               ERR DEF= 0.5
 MIGRAD MINIMIZATION HAS CONVERGED.
 MIGRAD WILL VERIFY CONVERGENCE AND ERROR MATRIX.
 COVARIANCE MATRIX CALCULATED SUCCESSFULLY
 FCN=12183.3 FROM MIGRAD    STATUS=CONVERGED     366 CALLS         367 TOTAL
                     EDM=4.73777e-06    STRATEGY= 1      ERROR MATRIX ACCURATE 
  EXT PARAMETER                                   STEP         FIRST   
  NO.   NAME      VALUE            ERROR          SIZE      DERIVATIVE 
   1  sg_p0        6.34937e+02   1.20416e+00   1.88745e-03   1.06307e-02
   2  sg_p1        3.54255e+01   1.33397e+00   4.75405e-03  -6.42739e-03
   3  sg_p2        5.82190e+02   3.67116e+01   1.00364e-02   4.55135e-03
   4  sg_p3        6.30056e+01   1.66588e+01   1.25710e-02   4.37361e-03
   5  sg_p4        9.54564e-01   4.17481e-02   6.34242e-03   8.71212e-04
                               ERR DEF= 0.5
 EXTERNAL ERROR MATRIX.    NDIM=  25    NPAR=  5    ERR DEF=0.5
  1.451e+00 -7.734e-01 -1.793e+01 -1.063e+01 -3.042e-02 
 -7.734e-01  1.788e+00  3.000e+01  1.060e+01  4.484e-02 
 -1.793e+01  3.000e+01  1.473e+03 -4.482e+01  1.490e+00 
 -1.063e+01  1.060e+01 -4.482e+01  2.851e+02  1.993e-01 
 -3.042e-02  4.484e-02  1.490e+00  1.993e-01  1.838e-03 
 PARAMETER  CORRELATION COEFFICIENTS  
       NO.  GLOBAL      1      2      3      4      5
        1  0.72232   1.000 -0.480 -0.388 -0.523 -0.589
        2  0.84648  -0.480  1.000  0.585  0.469  0.782
        3  0.96726  -0.388  0.585  1.000 -0.069  0.905
        4  0.81721  -0.523  0.469 -0.069  1.000  0.275
        5  0.97806  -0.589  0.782  0.905  0.275  1.000
 **********
 **   18 **HESSE        2500
 **********
 COVARIANCE MATRIX CALCULATED SUCCESSFULLY
 FCN=12183.3 FROM HESSE     STATUS=OK             31 CALLS         398 TOTAL
                     EDM=4.49878e-06    STRATEGY= 1      ERROR MATRIX ACCURATE 
  EXT PARAMETER                                INTERNAL      INTERNAL  
  NO.   NAME      VALUE            ERROR       STEP SIZE       VALUE   
   1  sg_p0        6.34937e+02   1.17331e+00   7.54981e-05   7.27855e-01
   2  sg_p1        3.54255e+01   1.28807e+00   1.90162e-04   8.07781e-01
   3  sg_p2        5.82190e+02   3.82291e+01   2.00727e-03   3.04558e+00
   4  sg_p3        6.30056e+01   1.76697e+01   5.02840e-04  -1.16840e-01
   5  sg_p4        9.54564e-01   4.07959e-02   2.53697e-04   7.71340e-01
                               ERR DEF= 0.5
 EXTERNAL ERROR MATRIX.    NDIM=  25    NPAR=  5    ERR DEF=0.5
  1.377e+00 -6.709e-01 -1.351e+01 -1.025e+01 -2.563e-02 
 -6.709e-01  1.666e+00  2.684e+01  9.073e+00  4.040e-02 
 -1.351e+01  2.684e+01  1.611e+03 -1.944e+02  1.503e+00 
 -1.025e+01  9.073e+00 -1.944e+02  3.218e+02  7.926e-02 
 -2.563e-02  4.040e-02  1.503e+00  7.926e-02  1.751e-03 
 PARAMETER  CORRELATION COEFFICIENTS  
       NO.  GLOBAL      1      2      3      4      5
        1  0.70445   1.000 -0.443 -0.287 -0.487 -0.522
        2  0.83419  -0.443  1.000  0.518  0.392  0.748
        3  0.97010  -0.287  0.518  1.000 -0.270  0.895
        4  0.84000  -0.487  0.392 -0.270  1.000  0.106
        5  0.97695  -0.522  0.748  0.895  0.106  1.000
650
634.937 +- 1.17331
35.4255 +- 1.28807
[#0] WARNING:InputArguments -- RooAbsPdf::fitTo(signal) WARNING: a likelihood fit is request of what appears to be weighted data. 
       While the estimated values of the parameters will always be calculated taking the weights into account, 
       there are multiple ways to estimate the errors on these parameter values. You are advised to make an 
       explicit choice on the error calculation: 
           - Either provide SumW2Error(kTRUE), to calculate a sum-of-weights corrected HESSE error matrix 
             (error will be proportional to the number of events)
           - Or provide SumW2Error(kFALSE), to return errors from original HESSE error matrix
             (which will be proportional to the sum of the weights)
       If you want the errors to reflect the information contained in the provided dataset, choose kTRUE. 
       If you want the errors to reflect the precision you would be able to obtain with an unweighted dataset 
       with 'sum-of-weights' events, choose kFALSE.
 **********
 **   13 **MIGRAD        2500           1
 **********
 FIRST CALL TO USER FUNCTION AT NEW START POINT, WITH IFLAG=4.
 START MIGRAD MINIMIZATION.  STRATEGY  1.  CONVERGENCE WHEN EDM .LT. 1.00e-03
 FCN=13336.9 FROM MIGRAD    STATUS=INITIATE       20 CALLS          21 TOTAL
                     EDM= unknown      STRATEGY= 1      NO ERROR MATRIX       
  EXT PARAMETER               CURRENT GUESS       STEP         FIRST   
  NO.   NAME      VALUE            ERROR          SIZE      DERIVATIVE 
   1  sg_p0        6.05000e+02   9.00000e+00   2.01358e-01  -2.61029e+03
   2  sg_p1        2.35000e+01   3.30000e+00   2.01358e-01  -1.30706e+03
   3  sg_p2        5.75000e+02   1.50000e+01   2.01358e-01  -4.94508e+02
   4  sg_p3        7.00000e+01   1.20000e+01   2.01358e-01  -2.82439e+02
   5  sg_p4        8.50000e-01   3.00000e-02   2.01358e-01   1.69237e+02
                               ERR DEF= 0.5
 MINUIT WARNING IN MIGRAD  
 ============== Negative diagonal element 1 in Error Matrix
 MINUIT WARNING IN MIGRAD  
 ============== Negative diagonal element 2 in Error Matrix
 MINUIT WARNING IN MIGRAD  
 ============== Negative diagonal element 3 in Error Matrix
 MINUIT WARNING IN MIGRAD  
 ============== Negative diagonal element 4 in Error Matrix
 MINUIT WARNING IN MIGRAD  
 ============== Negative diagonal element 5 in Error Matrix
 MINUIT WARNING IN MIGRAD  
 ============== 2.26189 added to diagonal of error matrix
 EIGENVALUES OF SECOND-DERIVATIVE MATRIX:
        -3.9054e-01  1.0008e+00  1.0126e+00  1.3098e+00  2.0673e+00
 MINUIT WARNING IN MIGRAD  
 ============== MATRIX FORCED POS-DEF BY ADDING 0.392608 TO DIAGONAL.
 MIGRAD MINIMIZATION HAS CONVERGED.
 MIGRAD WILL VERIFY CONVERGENCE AND ERROR MATRIX.
 COVARIANCE MATRIX CALCULATED SUCCESSFULLY
 FCN=12331.2 FROM MIGRAD    STATUS=CONVERGED     434 CALLS         435 TOTAL
                     EDM=9.27116e-06    STRATEGY= 1      ERROR MATRIX ACCURATE 
  EXT PARAMETER                                   STEP         FIRST   
  NO.   NAME      VALUE            ERROR          SIZE      DERIVATIVE 
   1  sg_p0        6.29363e+02   1.94289e+00   1.61110e-03  -6.12714e-02
   2  sg_p1        3.39915e+01   1.39941e+00   4.02767e-03   1.41131e-02
   3  sg_p2        5.86998e+02   3.80498e+01   5.91384e-03   1.10012e-02
   4  sg_p3        4.52433e+01   9.31868e+00   5.76920e-03   6.15069e-03
   5  sg_p4        9.32822e-01   8.73169e-02   7.58377e-03  -1.49983e-02
                               ERR DEF= 0.5
 EXTERNAL ERROR MATRIX.    NDIM=  25    NPAR=  5    ERR DEF=0.5
  3.778e+00 -2.106e+00 -5.004e+01 -2.088e+00 -1.541e-01 
 -2.106e+00  1.966e+00  3.539e+01  6.357e-01  1.083e-01 
 -5.004e+01  3.539e+01  1.597e+03 -2.131e+02  3.640e+00 
 -2.088e+00  6.357e-01 -2.131e+02  8.769e+01 -2.781e-01 
 -1.541e-01  1.083e-01  3.640e+00 -2.781e-01  9.342e-03 
 PARAMETER  CORRELATION COEFFICIENTS  
       NO.  GLOBAL      1      2      3      4      5
        1  0.91269   1.000 -0.773 -0.644 -0.115 -0.820
        2  0.87908  -0.773  1.000  0.631  0.048  0.799
        3  0.98973  -0.644  0.631  1.000 -0.569  0.942
        4  0.89773  -0.115  0.048 -0.569  1.000 -0.307
        5  0.99185  -0.820  0.799  0.942 -0.307  1.000
 **********
 **   18 **HESSE        2500
 **********
 COVARIANCE MATRIX CALCULATED SUCCESSFULLY
 FCN=12331.2 FROM HESSE     STATUS=OK             31 CALLS         466 TOTAL
                     EDM=1.05015e-05    STRATEGY= 1      ERROR MATRIX ACCURATE 
  EXT PARAMETER                                INTERNAL      INTERNAL  
  NO.   NAME      VALUE            ERROR       STEP SIZE       VALUE   
   1  sg_p0        6.29363e+02   1.77740e+00   3.22219e-04   5.72091e-01
   2  sg_p1        3.39915e+01   1.30671e+00   1.61107e-04   6.89109e-01
   3  sg_p2        5.86998e+02   4.00071e+01   2.36554e-04   2.98093e+00
   4  sg_p3        4.52433e+01   1.08302e+01   2.30768e-04  -4.25319e-01
   5  sg_p4        9.32822e-01   8.54732e-02   1.51675e-03   5.84938e-01
                               ERR DEF= 0.5
 EXTERNAL ERROR MATRIX.    NDIM=  25    NPAR=  5    ERR DEF=0.5
  3.161e+00 -1.710e+00 -4.134e+01 -1.168e+00 -1.264e-01 
 -1.710e+00  1.714e+00  3.071e+01 -2.615e-01  9.187e-02 
 -4.134e+01  3.071e+01  1.786e+03 -3.269e+02  3.736e+00 
 -1.168e+00 -2.615e-01 -3.269e+02  1.189e+02 -4.766e-01 
 -1.264e-01  9.187e-02  3.736e+00 -4.766e-01  8.856e-03 
 PARAMETER  CORRELATION COEFFICIENTS  
       NO.  GLOBAL      1      2      3      4      5
        1  0.89467   1.000 -0.735 -0.550 -0.060 -0.756
        2  0.85981  -0.735  1.000  0.555 -0.018  0.746
        3  0.99083  -0.550  0.555  1.000 -0.709  0.939
        4  0.92564  -0.060 -0.018 -0.709  1.000 -0.465
        5  0.99140  -0.756  0.746  0.939 -0.465  1.000
650
629.363 +- 1.7774
33.9915 +- 1.30671
[#0] WARNING:InputArguments -- RooAbsPdf::fitTo(signal) WARNING: a likelihood fit is request of what appears to be weighted data. 
       While the estimated values of the parameters will always be calculated taking the weights into account, 
       there are multiple ways to estimate the errors on these parameter values. You are advised to make an 
       explicit choice on the error calculation: 
           - Either provide SumW2Error(kTRUE), to calculate a sum-of-weights corrected HESSE error matrix 
             (error will be proportional to the number of events)
           - Or provide SumW2Error(kFALSE), to return errors from original HESSE error matrix
             (which will be proportional to the sum of the weights)
       If you want the errors to reflect the information contained in the provided dataset, choose kTRUE. 
       If you want the errors to reflect the precision you would be able to obtain with an unweighted dataset 
       with 'sum-of-weights' events, choose kFALSE.
 **********
 **   13 **MIGRAD        2500           1
 **********
 FIRST CALL TO USER FUNCTION AT NEW START POINT, WITH IFLAG=4.
 START MIGRAD MINIMIZATION.  STRATEGY  1.  CONVERGENCE WHEN EDM .LT. 1.00e-03
 FCN=11100.7 FROM MIGRAD    STATUS=INITIATE       80 CALLS          81 TOTAL
                     EDM= unknown      STRATEGY= 1      NO ERROR MATRIX       
  EXT PARAMETER               CURRENT GUESS       STEP         FIRST   
  NO.   NAME      VALUE            ERROR          SIZE      DERIVATIVE 
   1  sg_p0        6.49976e+02   9.00000e+00   0.00000e+00  -3.31148e+01
   2  sg_p1        2.35000e+01   3.30000e+00   0.00000e+00   1.41635e+02
   3  sg_p2        6.49999e+02   1.50000e+01   0.00000e+00  -3.52712e-01
   4  sg_p3        4.45955e+01   1.20000e+01  -4.37204e-01  -1.45659e-01
   5  sg_p4        8.50000e-01   3.00000e-02   0.00000e+00  -1.61763e+01
                               ERR DEF= 0.5
 MIGRAD MINIMIZATION HAS CONVERGED.
 MIGRAD WILL VERIFY CONVERGENCE AND ERROR MATRIX.
 COVARIANCE MATRIX CALCULATED SUCCESSFULLY
 FCN=11089.2 FROM MIGRAD    STATUS=CONVERGED     189 CALLS         190 TOTAL
                     EDM=4.42251e-05    STRATEGY= 1      ERROR MATRIX ACCURATE 
  EXT PARAMETER                                   STEP         FIRST   
  NO.   NAME      VALUE            ERROR          SIZE      DERIVATIVE 
   1  sg_p0        6.50000e+02   1.89844e-02   2.11173e-03** at limit **
   2  sg_p1        2.19547e+01   6.26260e-01   1.90248e-03  -1.39894e-01
   3  sg_p2        6.50000e+02   1.12485e+00   1.24593e-02** at limit **
   4  sg_p3        5.35044e+01   7.53715e+00   5.15003e-03  -5.48748e-02
   5  sg_p4        9.02474e-01   3.44307e-02   8.35217e-03   4.98005e-02
                               ERR DEF= 0.5
 EXTERNAL ERROR MATRIX.    NDIM=  25    NPAR=  5    ERR DEF=0.5
  6.624e-10  1.398e-08 -1.474e-12 -5.092e-09  1.406e-10 
  1.398e-08  3.924e-01  9.759e-05  2.732e+00  1.581e-02 
 -1.474e-12  9.759e-05  5.173e-05  1.252e-03  7.811e-06 
 -5.092e-09  2.732e+00  1.252e-03  5.713e+01  2.196e-01 
  1.406e-10  1.581e-02  7.811e-06  2.196e-01  1.210e-03 
 PARAMETER  CORRELATION COEFFICIENTS  
       NO.  GLOBAL      1      2      3      4      5
        1  0.00112   1.000  0.001 -0.000 -0.000  0.000
        2  0.72732   0.001  1.000  0.022  0.577  0.725
        3  0.03176  -0.000  0.022  1.000  0.023  0.031
        4  0.83627  -0.000  0.577  0.023  1.000  0.835
        5  0.88688   0.000  0.725  0.031  0.835  1.000
 **********
 **   18 **HESSE        2500
 **********
 COVARIANCE MATRIX CALCULATED SUCCESSFULLY
 FCN=11089.2 FROM HESSE     STATUS=OK             31 CALLS         221 TOTAL
                     EDM=4.36793e-05    STRATEGY= 1      ERROR MATRIX ACCURATE 
  EXT PARAMETER                                INTERNAL      INTERNAL  
  NO.   NAME      VALUE            ERROR       STEP SIZE       VALUE   
   1  sg_p0        6.50000e+02   1.89845e-02   4.22346e-04   1.57078e+00
                                 WARNING -   - ABOVE PARAMETER IS AT LIMIT.
   2  sg_p1        2.19547e+01   6.28139e-01   3.80496e-04  -9.37931e-02
   3  sg_p2        6.50000e+02   1.12399e+00   2.49187e-03   1.57135e+00
                                 WARNING -   - ABOVE PARAMETER IS AT LIMIT.
   4  sg_p3        5.35044e+01   7.59176e+00   2.06001e-04  -2.78513e-01
   5  sg_p4        9.02474e-01   3.46722e-02   1.67043e-03   3.57388e-01
                               ERR DEF= 0.5
 EXTERNAL ERROR MATRIX.    NDIM=  25    NPAR=  5    ERR DEF=0.5
  6.624e-10  2.583e-09 -7.268e-14 -1.074e-09  2.545e-11 
  2.583e-09  3.948e-01  2.619e-05  2.775e+00  1.601e-02 
 -7.268e-14  2.619e-05  5.169e-05  3.372e-04  2.097e-06 
 -1.074e-09  2.775e+00  3.372e-04  5.797e+01  2.235e-01 
  2.545e-11  1.601e-02  2.097e-06  2.235e-01  1.227e-03 
 PARAMETER  CORRELATION COEFFICIENTS  
       NO.  GLOBAL      1      2      3      4      5
        1  0.00021   1.000  0.000 -0.000 -0.000  0.000
        2  0.72925   0.000  1.000  0.006  0.580  0.727
        3  0.00847  -0.000  0.006  1.000  0.006  0.008
        4  0.83884  -0.000  0.580  0.006  1.000  0.838
        5  0.88859   0.000  0.727  0.008  0.838  1.000
650
650 +- 0.0189845
21.9547 +- 0.628139
 fit done 
[#0] WARNING:InputArguments -- RooAbsPdf::fitTo(signal) WARNING: a likelihood fit is request of what appears to be weighted data. 
       While the estimated values of the parameters will always be calculated taking the weights into account, 
       there are multiple ways to estimate the errors on these parameter values. You are advised to make an 
       explicit choice on the error calculation: 
           - Either provide SumW2Error(kTRUE), to calculate a sum-of-weights corrected HESSE error matrix 
             (error will be proportional to the number of events)
           - Or provide SumW2Error(kFALSE), to return errors from original HESSE error matrix
             (which will be proportional to the sum of the weights)
       If you want the errors to reflect the information contained in the provided dataset, choose kTRUE. 
       If you want the errors to reflect the precision you would be able to obtain with an unweighted dataset 
       with 'sum-of-weights' events, choose kFALSE.
 **********
 **   13 **MIGRAD        2500           1
 **********
 FIRST CALL TO USER FUNCTION AT NEW START POINT, WITH IFLAG=4.
 START MIGRAD MINIMIZATION.  STRATEGY  1.  CONVERGENCE WHEN EDM .LT. 1.00e-03
 FCN=10989.9 FROM MIGRAD    STATUS=INITIATE       82 CALLS          83 TOTAL
                     EDM= unknown      STRATEGY= 1      NO ERROR MATRIX       
  EXT PARAMETER               CURRENT GUESS       STEP         FIRST   
  NO.   NAME      VALUE            ERROR          SIZE      DERIVATIVE 
   1  sg_p0        6.49981e+02   9.00000e+00   0.00000e+00  -3.26253e+01
   2  sg_p1        2.35000e+01   3.30000e+00   0.00000e+00   1.05547e+02
   3  sg_p2        6.50000e+02   1.50000e+01   0.00000e+00** at limit **
   4  sg_p3        4.52220e+01   1.20000e+01  -4.25709e-01  -2.16544e-01
   5  sg_p4        8.50000e-01   3.00000e-02   0.00000e+00  -1.30632e+01
                               ERR DEF= 0.5
 MIGRAD MINIMIZATION HAS CONVERGED.
 MIGRAD WILL VERIFY CONVERGENCE AND ERROR MATRIX.
 COVARIANCE MATRIX CALCULATED SUCCESSFULLY
 FCN=10983 FROM MIGRAD    STATUS=CONVERGED     188 CALLS         189 TOTAL
                     EDM=6.98216e-05    STRATEGY= 1      ERROR MATRIX ACCURATE 
  EXT PARAMETER                                   STEP         FIRST   
  NO.   NAME      VALUE            ERROR          SIZE      DERIVATIVE 
   1  sg_p0        6.50000e+02   1.75977e-02   2.02403e-03** at limit **
   2  sg_p1        2.24968e+01   6.83255e-01   1.97163e-03  -2.42215e-01
   3  sg_p2        6.50000e+02   1.00518e+00   1.16864e-02** at limit **
   4  sg_p3        5.38609e+01   8.09997e+00   5.22641e-03  -7.25959e-02
   5  sg_p4        9.04199e-01   3.73923e-02   8.57345e-03   6.68076e-02
                               ERR DEF= 0.5
 EXTERNAL ERROR MATRIX.    NDIM=  25    NPAR=  5    ERR DEF=0.5
  2.162e-10  9.099e-09 -3.513e-14 -1.065e-10  1.081e-10 
  9.099e-09  4.671e-01  8.095e-06  3.376e+00  1.946e-02 
 -3.513e-14  8.095e-06  3.071e-07  1.055e-04  6.207e-07 
 -1.065e-10  3.376e+00  1.055e-04  6.604e+01  2.615e-01 
  1.081e-10  1.946e-02  6.207e-07  2.615e-01  1.433e-03 
 PARAMETER  CORRELATION COEFFICIENTS  
       NO.  GLOBAL      1      2      3      4      5
        1  0.00119   1.000  0.001 -0.000 -0.000  0.000
        2  0.75475   0.001  1.000  0.021  0.608  0.752
        3  0.02982  -0.000  0.021  1.000  0.023  0.030
        4  0.85148  -0.000  0.608  0.023  1.000  0.850
        5  0.90043   0.000  0.752  0.030  0.850  1.000
 **********
 **   18 **HESSE        2500
 **********
 COVARIANCE MATRIX CALCULATED SUCCESSFULLY
 FCN=10983 FROM HESSE     STATUS=OK             31 CALLS         220 TOTAL
                     EDM=6.97303e-05    STRATEGY= 1      ERROR MATRIX ACCURATE 
  EXT PARAMETER                                INTERNAL      INTERNAL  
  NO.   NAME      VALUE            ERROR       STEP SIZE       VALUE   
   1  sg_p0        6.50000e+02   1.75977e-02   4.04806e-04   1.57081e+00
                                 WARNING -   - ABOVE PARAMETER IS AT LIMIT.
   2  sg_p1        2.24968e+01   6.85707e-01   3.94326e-04  -6.08350e-02
   3  sg_p2        6.50000e+02   1.00444e+00   2.33727e-03   1.57075e+00
                                 WARNING -   - ABOVE PARAMETER IS AT LIMIT.
   4  sg_p3        5.38609e+01   8.16623e+00   2.09056e-04  -2.72339e-01
   5  sg_p4        9.04199e-01   3.76884e-02   1.71469e-03   3.69689e-01
                               ERR DEF= 0.5
 EXTERNAL ERROR MATRIX.    NDIM=  25    NPAR=  5    ERR DEF=0.5
  2.162e-10  1.898e-09 -1.580e-15 -1.792e-10  2.195e-11 
  1.898e-09  4.705e-01  1.591e-06  3.436e+00  1.974e-02 
 -1.580e-15  1.591e-06  3.069e-07  2.082e-05  1.221e-07 
 -1.792e-10  3.436e+00  2.082e-05  6.714e+01  2.666e-01 
  2.195e-11  1.974e-02  1.221e-07  2.666e-01  1.456e-03 
 PARAMETER  CORRELATION COEFFICIENTS  
       NO.  GLOBAL      1      2      3      4      5
        1  0.00025   1.000  0.000 -0.000 -0.000  0.000
        2  0.75678   0.000  1.000  0.004  0.611  0.754
        3  0.00582  -0.000  0.004  1.000  0.005  0.006
        4  0.85409  -0.000  0.611  0.005  1.000  0.853
        5  0.90212   0.000  0.754  0.006  0.853  1.000
650
650 +- 0.0175977
22.4968 +- 0.685707
[#0] WARNING:InputArguments -- RooAbsPdf::fitTo(signal) WARNING: a likelihood fit is request of what appears to be weighted data. 
       While the estimated values of the parameters will always be calculated taking the weights into account, 
       there are multiple ways to estimate the errors on these parameter values. You are advised to make an 
       explicit choice on the error calculation: 
           - Either provide SumW2Error(kTRUE), to calculate a sum-of-weights corrected HESSE error matrix 
             (error will be proportional to the number of events)
           - Or provide SumW2Error(kFALSE), to return errors from original HESSE error matrix
             (which will be proportional to the sum of the weights)
       If you want the errors to reflect the information contained in the provided dataset, choose kTRUE. 
       If you want the errors to reflect the precision you would be able to obtain with an unweighted dataset 
       with 'sum-of-weights' events, choose kFALSE.
 **********
 **   13 **MIGRAD        2500           1
 **********
 FIRST CALL TO USER FUNCTION AT NEW START POINT, WITH IFLAG=4.
 START MIGRAD MINIMIZATION.  STRATEGY  1.  CONVERGENCE WHEN EDM .LT. 1.00e-03
 FCN=11116.3 FROM MIGRAD    STATUS=INITIATE       85 CALLS          86 TOTAL
                     EDM= unknown      STRATEGY= 1      NO ERROR MATRIX       
  EXT PARAMETER               CURRENT GUESS       STEP         FIRST   
  NO.   NAME      VALUE            ERROR          SIZE      DERIVATIVE 
   1  sg_p0        6.49937e+02   9.00000e+00   0.00000e+00  -4.29903e+01
   2  sg_p1        2.35000e+01   3.30000e+00   0.00000e+00   1.78823e+02
   3  sg_p2        6.50000e+02   1.50000e+01   0.00000e+00   1.70769e-01
   4  sg_p3        4.20694e+01   1.20000e+01  -4.84211e-01   8.96725e+00
   5  sg_p4        8.50000e-01   3.00000e-02   0.00000e+00  -1.70161e+01
                               ERR DEF= 0.5
 MIGRAD MINIMIZATION HAS CONVERGED.
 MIGRAD WILL VERIFY CONVERGENCE AND ERROR MATRIX.
 COVARIANCE MATRIX CALCULATED SUCCESSFULLY
 FCN=11098.1 FROM MIGRAD    STATUS=CONVERGED     198 CALLS         199 TOTAL
                     EDM=6.95645e-06    STRATEGY= 1      ERROR MATRIX ACCURATE 
  EXT PARAMETER                                   STEP         FIRST   
  NO.   NAME      VALUE            ERROR          SIZE      DERIVATIVE 
   1  sg_p0        6.50000e+02   2.30525e-02   2.32852e-03** at limit **
   2  sg_p1        2.06141e+01   7.27095e-01   1.91751e-03  -1.78455e-02
   3  sg_p2        6.50000e+02   5.67699e-01   8.96583e-03** at limit **
   4  sg_p3        4.38408e+01   4.74866e+00   3.33807e-03   1.68221e-02
   5  sg_p4        8.43914e-01   5.09939e-02   1.01808e-02   4.65599e-03
                               ERR DEF= 0.5
 EXTERNAL ERROR MATRIX.    NDIM=  25    NPAR=  5    ERR DEF=0.5
  2.079e-09  1.526e-08 -3.653e-13 -1.193e-07 -8.752e-10 
  1.526e-08  5.290e-01  4.594e-06  2.209e+00  3.042e-02 
 -3.653e-13  4.594e-06  1.090e-07  2.852e-05  4.142e-07 
 -1.193e-07  2.209e+00  2.852e-05  2.261e+01  2.103e-01 
 -8.752e-10  3.042e-02  4.142e-07  2.103e-01  2.707e-03 
 PARAMETER  CORRELATION COEFFICIENTS  
       NO.  GLOBAL      1      2      3      4      5
        1  0.00135   1.000  0.000 -0.000 -0.001 -0.000
        2  0.80823   0.000  1.000  0.019  0.639  0.804
        3  0.02454  -0.000  0.019  1.000  0.018  0.024
        4  0.85317  -0.001  0.639  0.018  1.000  0.850
        5  0.91509  -0.000  0.804  0.024  0.850  1.000
 **********
 **   18 **HESSE        2500
 **********
 COVARIANCE MATRIX CALCULATED SUCCESSFULLY
 FCN=11098.1 FROM HESSE     STATUS=OK             31 CALLS         230 TOTAL
                     EDM=6.98393e-06    STRATEGY= 1      ERROR MATRIX ACCURATE 
  EXT PARAMETER                                INTERNAL      INTERNAL  
  NO.   NAME      VALUE            ERROR       STEP SIZE       VALUE   
   1  sg_p0        6.50000e+02   2.30527e-02   4.65704e-04   1.57083e+00
                                 WARNING -   - ABOVE PARAMETER IS AT LIMIT.
   2  sg_p1        2.06141e+01   7.25563e-01   7.67004e-05  -1.75808e-01
   3  sg_p2        6.50000e+02   5.67438e-01   1.79317e-03   1.57076e+00
                                 WARNING -   - ABOVE PARAMETER IS AT LIMIT.
   4  sg_p3        4.38408e+01   4.74709e+00   1.33523e-04  -4.51134e-01
   5  sg_p4        8.43914e-01   5.09413e-02   4.07231e-04  -4.05850e-02
                               ERR DEF= 0.5
 EXTERNAL ERROR MATRIX.    NDIM=  25    NPAR=  5    ERR DEF=0.5
  2.079e-09  3.367e-09 -1.567e-14 -2.669e-08 -1.963e-10 
  3.367e-09  5.268e-01  8.847e-07  2.198e+00  3.029e-02 
 -1.567e-14  8.847e-07  1.089e-07  5.498e-06  7.992e-08 
 -2.669e-08  2.198e+00  5.498e-06  2.259e+01  2.099e-01 
 -1.963e-10  3.029e-02  7.992e-08  2.099e-01  2.702e-03 
 PARAMETER  CORRELATION COEFFICIENTS  
       NO.  GLOBAL      1      2      3      4      5
        1  0.00030   1.000  0.000 -0.000 -0.000 -0.000
        2  0.80732   0.000  1.000  0.004  0.637  0.803
        3  0.00474  -0.000  0.004  1.000  0.004  0.005
        4  0.85306  -0.000  0.637  0.004  1.000  0.850
        5  0.91490  -0.000  0.803  0.005  0.850  1.000
650
650 +- 0.0230527
20.6141 +- 0.725563
[#0] WARNING:InputArguments -- RooAbsPdf::fitTo(signal) WARNING: a likelihood fit is request of what appears to be weighted data. 
       While the estimated values of the parameters will always be calculated taking the weights into account, 
       there are multiple ways to estimate the errors on these parameter values. You are advised to make an 
       explicit choice on the error calculation: 
           - Either provide SumW2Error(kTRUE), to calculate a sum-of-weights corrected HESSE error matrix 
             (error will be proportional to the number of events)
           - Or provide SumW2Error(kFALSE), to return errors from original HESSE error matrix
             (which will be proportional to the sum of the weights)
       If you want the errors to reflect the information contained in the provided dataset, choose kTRUE. 
       If you want the errors to reflect the precision you would be able to obtain with an unweighted dataset 
       with 'sum-of-weights' events, choose kFALSE.
 **********
 **   13 **MIGRAD        2500           1
 **********
 FIRST CALL TO USER FUNCTION AT NEW START POINT, WITH IFLAG=4.
 START MIGRAD MINIMIZATION.  STRATEGY  1.  CONVERGENCE WHEN EDM .LT. 1.00e-03
 FCN=10944.8 FROM MIGRAD    STATUS=INITIATE       77 CALLS          78 TOTAL
                     EDM= unknown      STRATEGY= 1      NO ERROR MATRIX       
  EXT PARAMETER               CURRENT GUESS       STEP         FIRST   
  NO.   NAME      VALUE            ERROR          SIZE      DERIVATIVE 
   1  sg_p0        6.49942e+02   9.00000e+00   0.00000e+00  -4.99582e+01
   2  sg_p1        2.35000e+01   3.30000e+00   0.00000e+00   1.21408e+02
   3  sg_p2        6.49999e+02   1.50000e+01   0.00000e+00  -3.15963e-01
   4  sg_p3        4.09782e+01   1.20000e+01  -5.04874e-01  -3.48354e+01
   5  sg_p4        8.50000e-01   3.00000e-02   0.00000e+00  -7.37019e+00
                               ERR DEF= 0.5
 MIGRAD MINIMIZATION HAS CONVERGED.
 MIGRAD WILL VERIFY CONVERGENCE AND ERROR MATRIX.
 COVARIANCE MATRIX CALCULATED SUCCESSFULLY
 FCN=10932.1 FROM MIGRAD    STATUS=CONVERGED     199 CALLS         200 TOTAL
                     EDM=1.73549e-05    STRATEGY= 1      ERROR MATRIX ACCURATE 
  EXT PARAMETER                                   STEP         FIRST   
  NO.   NAME      VALUE            ERROR          SIZE      DERIVATIVE 
   1  sg_p0        6.50000e+02   1.97234e-02   2.13705e-03** at limit **
   2  sg_p1        2.20280e+01   6.30629e-01   1.91154e-03   1.91770e-02
   3  sg_p2        6.50000e+02   1.15642e+00   1.26706e-02** at limit **
   4  sg_p3        5.38442e+01   7.62585e+00   5.23371e-03  -3.81562e-02
   5  sg_p4        9.01968e-01   3.44467e-02   8.30135e-03   1.18530e-02
                               ERR DEF= 0.5
 EXTERNAL ERROR MATRIX.    NDIM=  25    NPAR=  5    ERR DEF=0.5
  1.307e-08  5.762e-08 -8.280e-13 -3.348e-08  5.240e-10 
  5.762e-08  3.979e-01  1.192e-05  2.762e+00  1.584e-02 
 -8.280e-13  1.192e-05  8.864e-07  1.536e-04  9.534e-07 
 -3.348e-08  2.762e+00  1.536e-04  5.849e+01  2.220e-01 
  5.240e-10  1.584e-02  9.534e-07  2.220e-01  1.211e-03 
 PARAMETER  CORRELATION COEFFICIENTS  
       NO.  GLOBAL      1      2      3      4      5
        1  0.00104   1.000  0.001 -0.000 -0.000  0.000
        2  0.72341   0.001  1.000  0.020  0.573  0.721
        3  0.02963  -0.000  0.020  1.000  0.021  0.029
        4  0.83506  -0.000  0.573  0.021  1.000  0.834
        5  0.88553   0.000  0.721  0.029  0.834  1.000
 **********
 **   18 **HESSE        2500
 **********
 COVARIANCE MATRIX CALCULATED SUCCESSFULLY
 FCN=10932.1 FROM HESSE     STATUS=OK             31 CALLS         231 TOTAL
                     EDM=1.74019e-05    STRATEGY= 1      ERROR MATRIX ACCURATE 
  EXT PARAMETER                                INTERNAL      INTERNAL  
  NO.   NAME      VALUE            ERROR       STEP SIZE       VALUE   
   1  sg_p0        6.50000e+02   1.97235e-02   4.27410e-04   1.57071e+00
                                 WARNING -   - ABOVE PARAMETER IS AT LIMIT.
   2  sg_p1        2.20280e+01   6.32975e-01   7.64616e-05  -8.93298e-02
   3  sg_p2        6.50000e+02   1.15565e+00   2.53411e-03   1.57087e+00
                                 WARNING -   - ABOVE PARAMETER IS AT LIMIT.
   4  sg_p3        5.38442e+01   7.69157e+00   2.09349e-04  -2.72628e-01
   5  sg_p4        9.01968e-01   3.47361e-02   3.32054e-04   3.53784e-01
                               ERR DEF= 0.5
 EXTERNAL ERROR MATRIX.    NDIM=  25    NPAR=  5    ERR DEF=0.5
  1.307e-08  7.480e-09 -2.394e-14 -4.978e-09  6.545e-11 
  7.480e-09  4.009e-01  2.527e-06  2.817e+00  1.609e-02 
 -2.394e-14  2.527e-06  8.858e-07  3.272e-05  2.022e-07 
 -4.978e-09  2.817e+00  3.272e-05  5.951e+01  2.267e-01 
  6.545e-11  1.609e-02  2.022e-07  2.267e-01  1.232e-03 
 PARAMETER  CORRELATION COEFFICIENTS  
       NO.  GLOBAL      1      2      3      4      5
        1  0.00014   1.000  0.000 -0.000 -0.000  0.000
        2  0.72585   0.000  1.000  0.004  0.577  0.724
        3  0.00624  -0.000  0.004  1.000  0.005  0.006
        4  0.83815  -0.000  0.577  0.005  1.000  0.837
        5  0.88759   0.000  0.724  0.006  0.837  1.000
650
650 +- 0.0197235
22.028 +- 0.632975
[#0] WARNING:InputArguments -- RooAbsPdf::fitTo(signal) WARNING: a likelihood fit is request of what appears to be weighted data. 
       While the estimated values of the parameters will always be calculated taking the weights into account, 
       there are multiple ways to estimate the errors on these parameter values. You are advised to make an 
       explicit choice on the error calculation: 
           - Either provide SumW2Error(kTRUE), to calculate a sum-of-weights corrected HESSE error matrix 
             (error will be proportional to the number of events)
           - Or provide SumW2Error(kFALSE), to return errors from original HESSE error matrix
             (which will be proportional to the sum of the weights)
       If you want the errors to reflect the information contained in the provided dataset, choose kTRUE. 
       If you want the errors to reflect the precision you would be able to obtain with an unweighted dataset 
       with 'sum-of-weights' events, choose kFALSE.
 **********
 **   13 **MIGRAD        2500           1
 **********
 FIRST CALL TO USER FUNCTION AT NEW START POINT, WITH IFLAG=4.
 START MIGRAD MINIMIZATION.  STRATEGY  1.  CONVERGENCE WHEN EDM .LT. 1.00e-03
 FCN=11266.8 FROM MIGRAD    STATUS=INITIATE       82 CALLS          83 TOTAL
                     EDM= unknown      STRATEGY= 1      NO ERROR MATRIX       
  EXT PARAMETER               CURRENT GUESS       STEP         FIRST   
  NO.   NAME      VALUE            ERROR          SIZE      DERIVATIVE 
   1  sg_p0        6.49945e+02   9.00000e+00   0.00000e+00  -5.09816e+01
   2  sg_p1        2.35000e+01   3.30000e+00   0.00000e+00   1.59572e+02
   3  sg_p2        6.50000e+02   1.50000e+01   0.00000e+00  -1.69501e-01
   4  sg_p3        4.29297e+01   1.20000e+01  -4.68077e-01  -5.58269e+00
   5  sg_p4        8.50000e-01   3.00000e-02   0.00000e+00  -1.53081e+01
                               ERR DEF= 0.5
 MIGRAD MINIMIZATION HAS CONVERGED.
 MIGRAD WILL VERIFY CONVERGENCE AND ERROR MATRIX.
 COVARIANCE MATRIX CALCULATED SUCCESSFULLY
 FCN=11251.6 FROM MIGRAD    STATUS=CONVERGED     192 CALLS         193 TOTAL
                     EDM=6.51945e-06    STRATEGY= 1      ERROR MATRIX ACCURATE 
  EXT PARAMETER                                   STEP         FIRST   
  NO.   NAME      VALUE            ERROR          SIZE      DERIVATIVE 
   1  sg_p0        6.50000e+02   1.82842e-02   2.08842e-03** at limit **
   2  sg_p1        2.14609e+01   6.40975e-01   1.89354e-03  -6.53789e-02
   3  sg_p2        6.50000e+02   8.30067e-01   1.08933e-02** at limit **
   4  sg_p3        5.04392e+01   6.38127e+00   4.50073e-03  -1.04974e-02
   5  sg_p4        8.87574e-01   3.78194e-02   8.69382e-03   5.77855e-03
                               ERR DEF= 0.5
 EXTERNAL ERROR MATRIX.    NDIM=  25    NPAR=  5    ERR DEF=0.5
  2.336e-12  7.879e-10 -3.359e-14 -1.419e-09  2.261e-12 
  7.879e-10  4.111e-01  2.684e-05  2.430e+00  1.837e-02 
 -3.359e-14  2.684e-05  4.386e-06  2.767e-04  2.208e-06 
 -1.419e-09  2.430e+00  2.767e-04  4.089e+01  2.045e-01 
  2.261e-12  1.837e-02  2.208e-06  2.045e-01  1.464e-03 
 PARAMETER  CORRELATION COEFFICIENTS  
       NO.  GLOBAL      1      2      3      4      5
        1  0.00119   1.000  0.001 -0.000 -0.000  0.000
