
Processing test.c...
nSignal_init = 292400
test
test
[#0] WARNING:InputArguments -- RooAbsPdf::fitTo(signal) WARNING: a likelihood fit is request of what appears to be weighted data. 
       While the estimated values of the parameters will always be calculated taking the weights into account, 
       there are multiple ways to estimate the errors on these parameter values. You are advised to make an 
       explicit choice on the error calculation: 
           - Either provide SumW2Error(kTRUE), to calculate a sum-of-weights corrected HESSE error matrix 
             (error will be proportional to the number of events)
           - Or provide SumW2Error(kFALSE), to return errors from original HESSE error matrix
             (which will be proportional to the sum of the weights)
       If you want the errors to reflect the information contained in the provided dataset, choose kTRUE. 
       If you want the errors to reflect the precision you would be able to obtain with an unweighted dataset 
       with 'sum-of-weights' events, choose kFALSE.
 **********
 **   13 **MIGRAD        2500           1
 **********
 FIRST CALL TO USER FUNCTION AT NEW START POINT, WITH IFLAG=4.
 START MIGRAD MINIMIZATION.  STRATEGY  1.  CONVERGENCE WHEN EDM .LT. 1.00e-03
 FCN=11139.4 FROM MIGRAD    STATUS=INITIATE       41 CALLS          42 TOTAL
                     EDM= unknown      STRATEGY= 1      NO ERROR MATRIX       
  EXT PARAMETER               CURRENT GUESS       STEP         FIRST   
  NO.   NAME      VALUE            ERROR          SIZE      DERIVATIVE 
   1  sg_p0        2.85000e+02   7.00000e+00   0.00000e+00   3.99147e+02
   2  sg_p1        2.00000e+01   3.00000e+00   0.00000e+00   5.36454e+01
   3  sg_p2        3.05000e+02   1.10000e+01   0.00000e+00   5.03573e+02
   4  sg_p3        2.15253e+01   1.20000e+01  -9.40600e-01  -5.65980e+02
   5  sg_p4        5.00000e-01   1.00000e-01   0.00000e+00  -2.37474e+02
                               ERR DEF= 0.5
 MIGRAD MINIMIZATION HAS CONVERGED.
 MIGRAD WILL VERIFY CONVERGENCE AND ERROR MATRIX.
 COVARIANCE MATRIX CALCULATED SUCCESSFULLY
 FCN=10983.2 FROM MIGRAD    STATUS=CONVERGED     401 CALLS         402 TOTAL
                     EDM=5.6187e-06    STRATEGY= 1      ERROR MATRIX ACCURATE 
  EXT PARAMETER                                   STEP         FIRST   
  NO.   NAME      VALUE            ERROR          SIZE      DERIVATIVE 
   1  sg_p0        2.88323e+02   4.47990e-01   9.04940e-04   1.11533e-01
   2  sg_p1        2.05573e+01   3.30978e-01   1.55295e-03  -5.38166e-02
   3  sg_p2        3.60000e+02   7.01972e+00   3.68073e-02** at limit **
   4  sg_p3        3.31232e+01   1.31185e+01   9.89999e-03   1.11043e-02
   5  sg_p4        9.64843e-01   1.04001e-02   1.95930e-03   4.50763e-02
                               ERR DEF= 0.5
 EXTERNAL ERROR MATRIX.    NDIM=  25    NPAR=  5    ERR DEF=0.5
  2.007e-01  1.739e-02 -1.190e-04 -7.889e-01  9.394e-04 
  1.739e-02  1.096e-01 -6.312e-05 -5.744e-02  4.186e-04 
 -1.190e-04 -6.312e-05  9.525e-05  8.817e-03 -7.777e-06 
 -7.889e-01 -5.744e-02  8.817e-03  1.767e+02 -1.200e-01 
  9.394e-04  4.186e-04 -7.777e-06 -1.200e-01  1.083e-04 
 PARAMETER  CORRELATION COEFFICIENTS  
       NO.  GLOBAL      1      2      3      4      5
        1  0.23279   1.000  0.117 -0.027 -0.132  0.202
        2  0.23564   0.117  1.000 -0.020 -0.013  0.122
        3  0.07829  -0.027 -0.020  1.000  0.068 -0.077
        4  0.87296  -0.132 -0.013  0.068  1.000 -0.867
        5  0.87761   0.202  0.122 -0.077 -0.867  1.000
 **********
 **   18 **HESSE        2500
 **********
 COVARIANCE MATRIX CALCULATED SUCCESSFULLY
 FCN=10983.2 FROM HESSE     STATUS=OK             31 CALLS         433 TOTAL
                     EDM=5.61214e-06    STRATEGY= 1      ERROR MATRIX ACCURATE 
  EXT PARAMETER                                INTERNAL      INTERNAL  
  NO.   NAME      VALUE            ERROR       STEP SIZE       VALUE   
   1  sg_p0        2.88323e+02   4.48511e-01   1.80988e-04   9.50767e-02
   2  sg_p1        2.05573e+01   3.30912e-01   6.21181e-05   3.71642e-02
   3  sg_p2        3.60000e+02   7.00510e+00   7.36146e-03   1.57114e+00
                                 WARNING -   - ABOVE PARAMETER IS AT LIMIT.
   4  sg_p3        3.31232e+01   1.34621e+01   3.96000e-04  -6.61896e-01
   5  sg_p4        9.64843e-01   1.06761e-02   3.91861e-04   1.19356e+00
                               ERR DEF= 0.5
 EXTERNAL ERROR MATRIX.    NDIM=  25    NPAR=  5    ERR DEF=0.5
  2.012e-01  1.735e-02 -2.672e-05 -8.721e-01  9.990e-04 
  1.735e-02  1.095e-01 -1.383e-05 -7.606e-02  4.303e-04 
 -2.672e-05 -1.383e-05  9.505e-05  2.045e-03 -1.786e-06 
 -8.721e-01 -7.606e-02  2.045e-03  1.863e+02 -1.276e-01 
  9.990e-04  4.303e-04 -1.786e-06 -1.276e-01  1.141e-04 
 PARAMETER  CORRELATION COEFFICIENTS  
       NO.  GLOBAL      1      2      3      4      5
        1  0.23747   1.000  0.117 -0.006 -0.142  0.209
        2  0.23484   0.117  1.000 -0.004 -0.017  0.122
        3  0.01751  -0.006 -0.004  1.000  0.015 -0.017
        4  0.87999  -0.142 -0.017  0.015  1.000 -0.875
        5  0.88427   0.209  0.122 -0.017 -0.875  1.000
300
288.323 +- 0.448511
20.5573 +- 0.330912
[#0] WARNING:InputArguments -- RooAbsPdf::fitTo(signal) WARNING: a likelihood fit is request of what appears to be weighted data. 
       While the estimated values of the parameters will always be calculated taking the weights into account, 
       there are multiple ways to estimate the errors on these parameter values. You are advised to make an 
       explicit choice on the error calculation: 
           - Either provide SumW2Error(kTRUE), to calculate a sum-of-weights corrected HESSE error matrix 
             (error will be proportional to the number of events)
           - Or provide SumW2Error(kFALSE), to return errors from original HESSE error matrix
             (which will be proportional to the sum of the weights)
       If you want the errors to reflect the information contained in the provided dataset, choose kTRUE. 
       If you want the errors to reflect the precision you would be able to obtain with an unweighted dataset 
       with 'sum-of-weights' events, choose kFALSE.
 **********
 **   13 **MIGRAD        2500           1
 **********
 FIRST CALL TO USER FUNCTION AT NEW START POINT, WITH IFLAG=4.
 START MIGRAD MINIMIZATION.  STRATEGY  1.  CONVERGENCE WHEN EDM .LT. 1.00e-03
 FCN=11021.8 FROM MIGRAD    STATUS=INITIATE       44 CALLS          45 TOTAL
                     EDM= unknown      STRATEGY= 1      NO ERROR MATRIX       
  EXT PARAMETER               CURRENT GUESS       STEP         FIRST   
  NO.   NAME      VALUE            ERROR          SIZE      DERIVATIVE 
   1  sg_p0        2.85000e+02   7.00000e+00   0.00000e+00  -1.23228e+01
   2  sg_p1        2.00000e+01   3.00000e+00   0.00000e+00   1.69370e+02
   3  sg_p2        3.05000e+02   1.10000e+01   0.00000e+00   3.59937e+02
   4  sg_p3        2.91405e+01   1.20000e+01  -7.49116e-01   1.62870e+02
   5  sg_p4        5.00000e-01   1.00000e-01   0.00000e+00  -1.88730e+02
                               ERR DEF= 0.5
 MIGRAD MINIMIZATION HAS CONVERGED.
 MIGRAD WILL VERIFY CONVERGENCE AND ERROR MATRIX.
 COVARIANCE MATRIX CALCULATED SUCCESSFULLY
 FCN=10926.7 FROM MIGRAD    STATUS=CONVERGED     404 CALLS         405 TOTAL
                     EDM=7.36709e-06    STRATEGY= 1      ERROR MATRIX ACCURATE 
  EXT PARAMETER                                   STEP         FIRST   
  NO.   NAME      VALUE            ERROR          SIZE      DERIVATIVE 
   1  sg_p0        2.89695e+02   4.48479e-01   9.08525e-04  -1.63756e-02
   2  sg_p1        2.04912e+01   3.33789e-01   1.55841e-03   3.48244e-02
   3  sg_p2        3.60000e+02   5.29130e+00   3.12243e-02** at limit **
   4  sg_p3        2.52611e+01   5.98773e+00   7.97733e-03   1.66965e-02
   5  sg_p4        9.65128e-01   6.44706e-03   1.81806e-03   6.25824e-02
                               ERR DEF= 0.5
 EXTERNAL ERROR MATRIX.    NDIM=  25    NPAR=  5    ERR DEF=0.5
  2.011e-01  1.895e-02 -2.334e-04 -3.465e-01  6.114e-04 
  1.895e-02  1.114e-01 -1.530e-04 -6.771e-02  4.120e-04 
 -2.334e-04 -1.530e-04  2.973e-04  6.759e-03 -8.288e-06 
 -3.465e-01 -6.771e-02  6.759e-03  3.612e+01 -2.585e-02 
  6.114e-04  4.120e-04 -8.288e-06 -2.585e-02  4.158e-05 
 PARAMETER  CORRELATION COEFFICIENTS  
       NO.  GLOBAL      1      2      3      4      5
        1  0.22936   1.000  0.127 -0.030 -0.129  0.211
        2  0.24516   0.127  1.000 -0.027 -0.034  0.191
        3  0.08010  -0.030 -0.027  1.000  0.065 -0.075
        4  0.67399  -0.129 -0.034  0.065  1.000 -0.667
        5  0.69669   0.211  0.191 -0.075 -0.667  1.000
 **********
 **   18 **HESSE        2500
 **********
 COVARIANCE MATRIX CALCULATED SUCCESSFULLY
 FCN=10926.7 FROM HESSE     STATUS=OK             31 CALLS         436 TOTAL
                     EDM=7.38964e-06    STRATEGY= 1      ERROR MATRIX ACCURATE 
  EXT PARAMETER                                INTERNAL      INTERNAL  
  NO.   NAME      VALUE            ERROR       STEP SIZE       VALUE   
   1  sg_p0        2.89695e+02   4.48441e-01   1.81705e-04   1.34553e-01
   2  sg_p1        2.04912e+01   3.33683e-01   6.23363e-05   3.27513e-02
   3  sg_p2        3.60000e+02   5.29001e+00   6.24486e-03   1.57151e+00
                                 WARNING -   - ABOVE PARAMETER IS AT LIMIT.
   4  sg_p3        2.52611e+01   5.99008e+00   3.19093e-04  -8.41506e-01
   5  sg_p4        9.65128e-01   6.44684e-03   3.63611e-04   1.19511e+00
                               ERR DEF= 0.5
 EXTERNAL ERROR MATRIX.    NDIM=  25    NPAR=  5    ERR DEF=0.5
  2.011e-01  1.882e-02 -5.556e-05 -3.514e-01  6.128e-04 
  1.882e-02  1.114e-01 -3.636e-05 -7.207e-02  4.132e-04 
 -5.556e-05 -3.636e-05  2.972e-04  1.629e-03 -1.980e-06 
 -3.514e-01 -7.207e-02  1.629e-03  3.615e+01 -2.589e-02 
  6.128e-04  4.132e-04 -1.980e-06 -2.589e-02  4.158e-05 
 PARAMETER  CORRELATION COEFFICIENTS  
       NO.  GLOBAL      1      2      3      4      5
        1  0.22901   1.000  0.126 -0.007 -0.130  0.212
        2  0.24394   0.126  1.000 -0.006 -0.036  0.192
        3  0.01917  -0.007 -0.006  1.000  0.016 -0.018
        4  0.67426  -0.130 -0.036  0.016  1.000 -0.668
        5  0.69667   0.212  0.192 -0.018 -0.668  1.000
300
289.695 +- 0.448441
20.4912 +- 0.333683
[#0] WARNING:InputArguments -- RooAbsPdf::fitTo(signal) WARNING: a likelihood fit is request of what appears to be weighted data. 
       While the estimated values of the parameters will always be calculated taking the weights into account, 
       there are multiple ways to estimate the errors on these parameter values. You are advised to make an 
       explicit choice on the error calculation: 
           - Either provide SumW2Error(kTRUE), to calculate a sum-of-weights corrected HESSE error matrix 
             (error will be proportional to the number of events)
           - Or provide SumW2Error(kFALSE), to return errors from original HESSE error matrix
             (which will be proportional to the sum of the weights)
       If you want the errors to reflect the information contained in the provided dataset, choose kTRUE. 
       If you want the errors to reflect the precision you would be able to obtain with an unweighted dataset 
       with 'sum-of-weights' events, choose kFALSE.
 **********
 **   13 **MIGRAD        2500           1
 **********
 FIRST CALL TO USER FUNCTION AT NEW START POINT, WITH IFLAG=4.
 START MIGRAD MINIMIZATION.  STRATEGY  1.  CONVERGENCE WHEN EDM .LT. 1.00e-03
 FCN=10998.6 FROM MIGRAD    STATUS=INITIATE       44 CALLS          45 TOTAL
                     EDM= unknown      STRATEGY= 1      NO ERROR MATRIX       
  EXT PARAMETER               CURRENT GUESS       STEP         FIRST   
  NO.   NAME      VALUE            ERROR          SIZE      DERIVATIVE 
   1  sg_p0        2.85000e+02   7.00000e+00   0.00000e+00   1.82292e+02
   2  sg_p1        2.00000e+01   3.00000e+00   0.00000e+00   1.71874e+02
   3  sg_p2        3.05000e+02   1.10000e+01   0.00000e+00   5.32975e+02
   4  sg_p3        3.07762e+01   1.20000e+01  -7.12504e-01   9.72386e+01
   5  sg_p4        5.00000e-01   1.00000e-01   0.00000e+00  -2.81076e+02
                               ERR DEF= 0.5
 MIGRAD MINIMIZATION HAS CONVERGED.
 MIGRAD WILL VERIFY CONVERGENCE AND ERROR MATRIX.
 COVARIANCE MATRIX CALCULATED SUCCESSFULLY
 FCN=10857.4 FROM MIGRAD    STATUS=CONVERGED     443 CALLS         444 TOTAL
                     EDM=4.98868e-06    STRATEGY= 1      ERROR MATRIX ACCURATE 
  EXT PARAMETER                                   STEP         FIRST   
  NO.   NAME      VALUE            ERROR          SIZE      DERIVATIVE 
   1  sg_p0        2.86897e+02   4.50384e-01   9.00651e-04  -4.42030e-02
   2  sg_p1        2.05381e+01   3.30444e-01   1.54851e-03  -1.71904e-02
   3  sg_p2        3.60000e+02   4.58768e+00   2.94940e-02** at limit **
   4  sg_p3        3.22720e+01   1.23522e+01   9.50923e-03   1.52629e-02
   5  sg_p4        9.64411e-01   1.01122e-02   1.90336e-03   6.66364e-02
                               ERR DEF= 0.5
 EXTERNAL ERROR MATRIX.    NDIM=  25    NPAR=  5    ERR DEF=0.5
  2.029e-01  1.643e-02 -6.905e-05 -9.258e-01  1.002e-03 
  1.643e-02  1.092e-01 -3.441e-05 -1.687e-01  4.515e-04 
 -6.905e-05 -3.441e-05  5.485e-05  5.168e-03 -4.433e-06 
 -9.258e-01 -1.687e-01  5.168e-03  1.563e+02 -1.096e-01 
  1.002e-03  4.515e-04 -4.433e-06 -1.096e-01  1.024e-04 
 PARAMETER  CORRELATION COEFFICIENTS  
       NO.  GLOBAL      1      2      3      4      5
        1  0.23805   1.000  0.110 -0.021 -0.164  0.220
        2  0.21706   0.110  1.000 -0.014 -0.041  0.135
        3  0.06085  -0.021 -0.014  1.000  0.056 -0.059
        4  0.87005  -0.164 -0.041  0.056  1.000 -0.866
        5  0.87483   0.220  0.135 -0.059 -0.866  1.000
 **********
 **   18 **HESSE        2500
 **********
 COVARIANCE MATRIX CALCULATED SUCCESSFULLY
 FCN=10857.4 FROM HESSE     STATUS=OK             31 CALLS         475 TOTAL
                     EDM=4.96344e-06    STRATEGY= 1      ERROR MATRIX ACCURATE 
  EXT PARAMETER                                INTERNAL      INTERNAL  
  NO.   NAME      VALUE            ERROR       STEP SIZE       VALUE   
   1  sg_p0        2.86897e+02   4.51095e-01   1.80130e-04   5.42398e-02
   2  sg_p1        2.05381e+01   3.30465e-01   6.19404e-05   3.58796e-02
   3  sg_p2        3.60000e+02   4.57970e+00   5.89879e-03   1.57112e+00
                                 WARNING -   - ABOVE PARAMETER IS AT LIMIT.
   4  sg_p3        3.22720e+01   1.26301e+01   3.80369e-04  -6.80009e-01
   5  sg_p4        9.64411e-01   1.03457e-02   3.80673e-04   1.19122e+00
                               ERR DEF= 0.5
 EXTERNAL ERROR MATRIX.    NDIM=  25    NPAR=  5    ERR DEF=0.5
  2.035e-01  1.650e-02 -1.576e-05 -1.005e+00  1.062e-03 
  1.650e-02  1.092e-01 -7.711e-06 -1.941e-01  4.695e-04 
 -1.576e-05 -7.711e-06  5.475e-05  1.202e-03 -1.025e-06 
 -1.005e+00 -1.941e-01  1.202e-03  1.636e+02 -1.156e-01 
  1.062e-03  4.695e-04 -1.025e-06 -1.156e-01  1.071e-04 
 PARAMETER  CORRELATION COEFFICIENTS  
       NO.  GLOBAL      1      2      3      4      5
        1  0.24421   1.000  0.111 -0.005 -0.174  0.227
        2  0.21733   0.111  1.000 -0.003 -0.046  0.137
        3  0.01376  -0.005 -0.003  1.000  0.013 -0.013
        4  0.87625  -0.174 -0.046  0.013  1.000 -0.873
        5  0.88081   0.227  0.137 -0.013 -0.873  1.000
300
286.897 +- 0.451095
20.5381 +- 0.330465
[#0] WARNING:InputArguments -- RooAbsPdf::fitTo(signal) WARNING: a likelihood fit is request of what appears to be weighted data. 
       While the estimated values of the parameters will always be calculated taking the weights into account, 
       there are multiple ways to estimate the errors on these parameter values. You are advised to make an 
       explicit choice on the error calculation: 
           - Either provide SumW2Error(kTRUE), to calculate a sum-of-weights corrected HESSE error matrix 
             (error will be proportional to the number of events)
           - Or provide SumW2Error(kFALSE), to return errors from original HESSE error matrix
             (which will be proportional to the sum of the weights)
       If you want the errors to reflect the information contained in the provided dataset, choose kTRUE. 
       If you want the errors to reflect the precision you would be able to obtain with an unweighted dataset 
       with 'sum-of-weights' events, choose kFALSE.
 **********
 **   13 **MIGRAD        2500           1
 **********
 FIRST CALL TO USER FUNCTION AT NEW START POINT, WITH IFLAG=4.
 START MIGRAD MINIMIZATION.  STRATEGY  1.  CONVERGENCE WHEN EDM .LT. 1.00e-03
 FCN=9427.95 FROM MIGRAD    STATUS=INITIATE       39 CALLS          40 TOTAL
                     EDM= unknown      STRATEGY= 1      NO ERROR MATRIX       
  EXT PARAMETER               CURRENT GUESS       STEP         FIRST   
  NO.   NAME      VALUE            ERROR          SIZE      DERIVATIVE 
   1  sg_p0        3.05000e+02   3.00000e+00   0.00000e+00   1.31464e+03
   2  sg_p1        7.00000e+00   4.00000e-01   0.00000e+00  -2.82382e+01
   3  sg_p2        2.60000e+02   1.80000e+01   0.00000e+00  -1.05976e+00
   4  sg_p3        5.43313e+01   1.20000e+01  -2.64207e-01   7.00043e+00
   5  sg_p4        5.00000e-01   1.00000e-01   0.00000e+00  -1.45220e+02
                               ERR DEF= 0.5
 MIGRAD MINIMIZATION HAS CONVERGED.
 MIGRAD WILL VERIFY CONVERGENCE AND ERROR MATRIX.
 COVARIANCE MATRIX CALCULATED SUCCESSFULLY
 FCN=9204.59 FROM MIGRAD    STATUS=CONVERGED     229 CALLS         230 TOTAL
                     EDM=6.66547e-05    STRATEGY= 1      ERROR MATRIX ACCURATE 
  EXT PARAMETER                                   STEP         FIRST   
  NO.   NAME      VALUE            ERROR          SIZE      DERIVATIVE 
   1  sg_p0        3.00807e+02   2.06875e-01   9.24958e-04  -7.84006e-02
   2  sg_p1        6.67548e+00   2.20836e-01   5.66581e-03  -4.55276e-03
   3  sg_p2        2.86348e+02   3.69244e+00   1.62590e-03  -1.80856e-01
   4  sg_p3        3.70116e+01   4.47529e+00   3.25190e-03  -7.94138e-02
   5  sg_p4        6.46423e-01   1.60401e-02   1.99112e-03  -2.02931e-01
                               ERR DEF= 0.5
 EXTERNAL ERROR MATRIX.    NDIM=  25    NPAR=  5    ERR DEF=0.5
  4.280e-02 -6.675e-03  3.606e-02 -1.464e-01 -2.452e-04 
 -6.675e-03  4.897e-02 -3.892e-01  5.095e-01  1.306e-03 
  3.606e-02 -3.892e-01  1.364e+01 -1.331e+01 -4.368e-04 
 -1.464e-01  5.095e-01 -1.331e+01  2.008e+01 -1.514e-03 
 -2.452e-04  1.306e-03 -4.368e-04 -1.514e-03  2.574e-04 
 PARAMETER  CORRELATION COEFFICIENTS  
       NO.  GLOBAL      1      2      3      4      5
        1  0.23172   1.000 -0.146  0.047 -0.158 -0.074
        2  0.64662  -0.146  1.000 -0.476  0.514  0.368
        3  0.81187   0.047 -0.476  1.000 -0.804 -0.007
        4  0.82962  -0.158  0.514 -0.804  1.000 -0.021
        5  0.44432  -0.074  0.368 -0.007 -0.021  1.000
 **********
 **   18 **HESSE        2500
 **********
 COVARIANCE MATRIX CALCULATED SUCCESSFULLY
 FCN=9204.59 FROM HESSE     STATUS=OK             31 CALLS         261 TOTAL
                     EDM=6.65624e-05    STRATEGY= 1      ERROR MATRIX ACCURATE 
  EXT PARAMETER                                INTERNAL      INTERNAL  
  NO.   NAME      VALUE            ERROR       STEP SIZE       VALUE   
   1  sg_p0        3.00807e+02   2.07041e-01   1.84992e-04  -2.83282e-01
   2  sg_p1        6.67548e+00   2.24150e-01   2.26632e-04  -1.62980e-01
   3  sg_p2        2.86348e+02   3.84665e+00   3.25179e-04   2.97108e-01
   4  sg_p3        3.70116e+01   4.66245e+00   1.30076e-04  -5.82134e-01
   5  sg_p4        6.46423e-01   1.60428e-02   3.98224e-04   2.97202e-01
                               ERR DEF= 0.5
 EXTERNAL ERROR MATRIX.    NDIM=  25    NPAR=  5    ERR DEF=0.5
  4.287e-02 -7.031e-03  4.534e-02 -1.570e-01 -2.475e-04 
 -7.031e-03  5.046e-02 -4.308e-01  5.599e-01  1.315e-03 
  4.534e-02 -4.308e-01  1.481e+01 -1.475e+01 -6.186e-04 
 -1.570e-01  5.599e-01 -1.475e+01  2.180e+01 -1.240e-03 
 -2.475e-04  1.315e-03 -6.186e-04 -1.240e-03  2.575e-04 
 PARAMETER  CORRELATION COEFFICIENTS  
       NO.  GLOBAL      1      2      3      4      5
        1  0.23496   1.000 -0.151  0.057 -0.162 -0.074
        2  0.65975  -0.151  1.000 -0.498  0.534  0.365
        3  0.82821   0.057 -0.498  1.000 -0.821 -0.010
        4  0.84430  -0.162  0.534 -0.821  1.000 -0.017
        5  0.44463  -0.074  0.365 -0.010 -0.017  1.000
300
300.807 +- 0.207041
6.67548 +- 0.22415
 fit done 
[#0] WARNING:InputArguments -- RooAbsPdf::fitTo(signal) WARNING: a likelihood fit is request of what appears to be weighted data. 
       While the estimated values of the parameters will always be calculated taking the weights into account, 
       there are multiple ways to estimate the errors on these parameter values. You are advised to make an 
       explicit choice on the error calculation: 
           - Either provide SumW2Error(kTRUE), to calculate a sum-of-weights corrected HESSE error matrix 
             (error will be proportional to the number of events)
           - Or provide SumW2Error(kFALSE), to return errors from original HESSE error matrix
             (which will be proportional to the sum of the weights)
       If you want the errors to reflect the information contained in the provided dataset, choose kTRUE. 
       If you want the errors to reflect the precision you would be able to obtain with an unweighted dataset 
       with 'sum-of-weights' events, choose kFALSE.
 **********
 **   13 **MIGRAD        2500           1
 **********
 FIRST CALL TO USER FUNCTION AT NEW START POINT, WITH IFLAG=4.
 START MIGRAD MINIMIZATION.  STRATEGY  1.  CONVERGENCE WHEN EDM .LT. 1.00e-03
 FCN=9324.05 FROM MIGRAD    STATUS=INITIATE       18 CALLS          19 TOTAL
                     EDM= unknown      STRATEGY= 1      NO ERROR MATRIX       
  EXT PARAMETER               CURRENT GUESS       STEP         FIRST   
  NO.   NAME      VALUE            ERROR          SIZE      DERIVATIVE 
   1  sg_p0        3.05000e+02   3.00000e+00   2.01358e-01   1.26986e+03
   2  sg_p1        7.00000e+00   4.00000e-01   2.01358e-01  -3.26570e+01
   3  sg_p2        2.60000e+02   1.80000e+01   2.01358e-01   1.80651e+01
   4  sg_p3        7.00000e+01   1.20000e+01   2.01358e-01   1.95490e+01
   5  sg_p4        5.00000e-01   1.00000e-01   2.01358e-01  -1.28150e+02
                               ERR DEF= 0.5
 MINUIT WARNING IN MIGRAD  
 ============== Negative diagonal element 1 in Error Matrix
 MINUIT WARNING IN MIGRAD  
 ============== Negative diagonal element 2 in Error Matrix
 MINUIT WARNING IN MIGRAD  
 ============== Negative diagonal element 3 in Error Matrix
 MINUIT WARNING IN MIGRAD  
 ============== Negative diagonal element 4 in Error Matrix
 MINUIT WARNING IN MIGRAD  
 ============== 11.1802 added to diagonal of error matrix
 EIGENVALUES OF SECOND-DERIVATIVE MATRIX:
        -1.2302e+00  1.0000e+00  1.0003e+00  1.0996e+00  3.1303e+00
 MINUIT WARNING IN MIGRAD  
 ============== MATRIX FORCED POS-DEF BY ADDING 1.233367 TO DIAGONAL.
 MIGRAD MINIMIZATION HAS CONVERGED.
 MIGRAD WILL VERIFY CONVERGENCE AND ERROR MATRIX.
 COVARIANCE MATRIX CALCULATED SUCCESSFULLY
 FCN=9114.57 FROM MIGRAD    STATUS=CONVERGED     289 CALLS         290 TOTAL
                     EDM=5.54375e-07    STRATEGY= 1      ERROR MATRIX ACCURATE 
  EXT PARAMETER                                   STEP         FIRST   
  NO.   NAME      VALUE            ERROR          SIZE      DERIVATIVE 
   1  sg_p0        3.00989e+02   2.12814e-01   9.43941e-04  -9.14080e-04
   2  sg_p1        6.53035e+00   2.40800e-01   5.98084e-03   4.80647e-03
   3  sg_p2        2.93079e+02   2.00891e+00   1.26510e-03   8.67004e-03
   4  sg_p3        3.22426e+01   3.06970e+00   3.13614e-03   5.39262e-03
   5  sg_p4        6.37280e-01   1.82444e-02   2.01579e-03  -9.05889e-04
                               ERR DEF= 0.5
 EXTERNAL ERROR MATRIX.    NDIM=  25    NPAR=  5    ERR DEF=0.5
  4.529e-02 -7.391e-03 -1.667e-02 -9.633e-02 -4.577e-04 
 -7.391e-03  5.828e-02 -1.840e-01  4.072e-01  2.575e-03 
 -1.667e-02 -1.840e-01  4.036e+00 -3.579e+00 -1.048e-02 
 -9.633e-02  4.072e-01 -3.579e+00  9.437e+00  2.200e-02 
 -4.577e-04  2.575e-03 -1.048e-02  2.200e-02  3.330e-04 
 PARAMETER  CORRELATION COEFFICIENTS  
       NO.  GLOBAL      1      2      3      4      5
        1  0.23364   1.000 -0.144 -0.039 -0.147 -0.118
        2  0.68293  -0.144  1.000 -0.379  0.549  0.585
        3  0.60026  -0.039 -0.379  1.000 -0.580 -0.286
        4  0.69097  -0.147  0.549 -0.580  1.000  0.393
        5  0.59255  -0.118  0.585 -0.286  0.393  1.000
 **********
 **   18 **HESSE        2500
 **********
 COVARIANCE MATRIX CALCULATED SUCCESSFULLY
 FCN=9114.57 FROM HESSE     STATUS=OK             31 CALLS         321 TOTAL
                     EDM=5.65701e-07    STRATEGY= 1      ERROR MATRIX ACCURATE 
  EXT PARAMETER                                INTERNAL      INTERNAL  
  NO.   NAME      VALUE            ERROR       STEP SIZE       VALUE   
   1  sg_p0        3.00989e+02   2.12854e-01   3.77576e-05  -2.70672e-01
   2  sg_p1        6.53035e+00   2.42646e-01   1.19617e-03  -2.37040e-01
   3  sg_p2        2.93079e+02   2.03806e+00   2.53019e-04   3.76364e-01
   4  sg_p3        3.22426e+01   3.11925e+00   1.25446e-04  -6.80639e-01
   5  sg_p4        6.37280e-01   1.83457e-02   8.06317e-05   2.78131e-01
                               ERR DEF= 0.5
 EXTERNAL ERROR MATRIX.    NDIM=  25    NPAR=  5    ERR DEF=0.5
  4.531e-02 -7.562e-03 -1.490e-02 -9.842e-02 -4.666e-04 
 -7.562e-03  5.919e-02 -1.948e-01  4.241e-01  2.634e-03 
 -1.490e-02 -1.948e-01  4.155e+00 -3.791e+00 -1.116e-02 
 -9.842e-02  4.241e-01 -3.791e+00  9.744e+00  2.314e-02 
 -4.666e-04  2.634e-03 -1.116e-02  2.314e-02  3.367e-04 
 PARAMETER  CORRELATION COEFFICIENTS  
       NO.  GLOBAL      1      2      3      4      5
        1  0.23439   1.000 -0.146 -0.034 -0.148 -0.119
        2  0.68886  -0.146  1.000 -0.393  0.558  0.590
        3  0.61521  -0.034 -0.393  1.000 -0.596 -0.298
        4  0.70278  -0.148  0.558 -0.596  1.000  0.404
        5  0.59855  -0.119  0.590 -0.298  0.404  1.000
300
300.989 +- 0.212854
6.53035 +- 0.242646
[#0] WARNING:InputArguments -- RooAbsPdf::fitTo(signal) WARNING: a likelihood fit is request of what appears to be weighted data. 
       While the estimated values of the parameters will always be calculated taking the weights into account, 
       there are multiple ways to estimate the errors on these parameter values. You are advised to make an 
       explicit choice on the error calculation: 
           - Either provide SumW2Error(kTRUE), to calculate a sum-of-weights corrected HESSE error matrix 
             (error will be proportional to the number of events)
           - Or provide SumW2Error(kFALSE), to return errors from original HESSE error matrix
             (which will be proportional to the sum of the weights)
       If you want the errors to reflect the information contained in the provided dataset, choose kTRUE. 
       If you want the errors to reflect the precision you would be able to obtain with an unweighted dataset 
       with 'sum-of-weights' events, choose kFALSE.
 **********
 **   13 **MIGRAD        2500           1
 **********
 FIRST CALL TO USER FUNCTION AT NEW START POINT, WITH IFLAG=4.
 START MIGRAD MINIMIZATION.  STRATEGY  1.  CONVERGENCE WHEN EDM .LT. 1.00e-03
 FCN=9310.64 FROM MIGRAD    STATUS=INITIATE       39 CALLS          40 TOTAL
                     EDM= unknown      STRATEGY= 1      NO ERROR MATRIX       
  EXT PARAMETER               CURRENT GUESS       STEP         FIRST   
  NO.   NAME      VALUE            ERROR          SIZE      DERIVATIVE 
   1  sg_p0        3.05000e+02   3.00000e+00   0.00000e+00   1.34333e+03
   2  sg_p1        7.00000e+00   4.00000e-01   0.00000e+00  -2.36771e+01
   3  sg_p2        2.60000e+02   1.80000e+01   0.00000e+00  -1.06301e+01
   4  sg_p3        4.94125e+01   1.20000e+01  -3.50242e-01  -6.56876e+00
   5  sg_p4        5.00000e-01   1.00000e-01   0.00000e+00  -1.57740e+02
                               ERR DEF= 0.5
 MIGRAD MINIMIZATION HAS CONVERGED.
 MIGRAD WILL VERIFY CONVERGENCE AND ERROR MATRIX.
 COVARIANCE MATRIX CALCULATED SUCCESSFULLY
 FCN=9074.37 FROM MIGRAD    STATUS=CONVERGED     198 CALLS         199 TOTAL
                     EDM=4.60513e-05    STRATEGY= 1      ERROR MATRIX ACCURATE 
  EXT PARAMETER                                   STEP         FIRST   
  NO.   NAME      VALUE            ERROR          SIZE      DERIVATIVE 
   1  sg_p0        3.00716e+02   2.01045e-01   8.96469e-04   2.14226e-01
   2  sg_p1        6.51517e+00   2.15145e-01   5.62639e-03   1.07423e-02
   3  sg_p2        2.82932e+02   4.43725e+00   1.74062e-03  -1.31230e-01
   4  sg_p3        3.77806e+01   4.64318e+00   3.03684e-03  -8.20421e-02
   5  sg_p4        6.44030e-01   1.61428e-02   1.96449e-03   1.08169e-01
                               ERR DEF= 0.5
 EXTERNAL ERROR MATRIX.    NDIM=  25    NPAR=  5    ERR DEF=0.5
  4.042e-02 -6.174e-03  6.288e-02 -1.484e-01 -1.712e-04 
 -6.174e-03  4.648e-02 -4.710e-01  4.996e-01  9.943e-04 
  6.288e-02 -4.710e-01  1.971e+01 -1.755e+01  9.466e-03 
 -1.484e-01  4.996e-01 -1.755e+01  2.162e+01 -1.284e-02 
 -1.712e-04  9.943e-04  9.466e-03 -1.284e-02  2.607e-04 
 PARAMETER  CORRELATION COEFFICIENTS  
       NO.  GLOBAL      1      2      3      4      5
        1  0.22609   1.000 -0.142  0.070 -0.159 -0.053
        2  0.63799  -0.142  1.000 -0.492  0.498  0.286
        3  0.85697   0.070 -0.492  1.000 -0.850  0.132
        4  0.86627  -0.159  0.498 -0.850  1.000 -0.171
        5  0.46460  -0.053  0.286  0.132 -0.171  1.000
 **********
 **   18 **HESSE        2500
 **********
 COVARIANCE MATRIX CALCULATED SUCCESSFULLY
 FCN=9074.37 FROM HESSE     STATUS=OK             31 CALLS         230 TOTAL
                     EDM=4.60124e-05    STRATEGY= 1      ERROR MATRIX ACCURATE 
  EXT PARAMETER                                INTERNAL      INTERNAL  
  NO.   NAME      VALUE            ERROR       STEP SIZE       VALUE   
   1  sg_p0        3.00716e+02   2.01266e-01   1.79294e-04  -2.89604e-01
   2  sg_p1        6.51517e+00   2.18764e-01   1.12528e-03  -2.44853e-01
   3  sg_p2        2.82932e+02   4.66955e+00   3.48124e-04   2.57637e-01
   4  sg_p3        3.77806e+01   4.88570e+00   1.21473e-04  -5.66865e-01
   5  sg_p4        6.44030e-01   1.61620e-02   3.92898e-04   2.92200e-01
                               ERR DEF= 0.5
 EXTERNAL ERROR MATRIX.    NDIM=  25    NPAR=  5    ERR DEF=0.5
  4.051e-02 -6.582e-03  7.683e-02 -1.625e-01 -1.645e-04 
 -6.582e-03  4.806e-02 -5.290e-01  5.602e-01  9.646e-04 
  7.683e-02 -5.290e-01  2.183e+01 -1.979e+01  1.061e-02 
 -1.625e-01  5.602e-01 -1.979e+01  2.394e+01 -1.401e-02 
 -1.645e-04  9.646e-04  1.061e-02 -1.401e-02  2.613e-04 
 PARAMETER  CORRELATION COEFFICIENTS  
       NO.  GLOBAL      1      2      3      4      5
        1  0.23066   1.000 -0.149  0.082 -0.165 -0.051
        2  0.65313  -0.149  1.000 -0.516  0.522  0.272
        3  0.87189   0.082 -0.516  1.000 -0.866  0.140
        4  0.88014  -0.165  0.522 -0.866  1.000 -0.177
        5  0.46660  -0.051  0.272  0.140 -0.177  1.000
300
300.716 +- 0.201266
6.51517 +- 0.218764
[#0] WARNING:InputArguments -- RooAbsPdf::fitTo(signal) WARNING: a likelihood fit is request of what appears to be weighted data. 
       While the estimated values of the parameters will always be calculated taking the weights into account, 
       there are multiple ways to estimate the errors on these parameter values. You are advised to make an 
       explicit choice on the error calculation: 
           - Either provide SumW2Error(kTRUE), to calculate a sum-of-weights corrected HESSE error matrix 
             (error will be proportional to the number of events)
           - Or provide SumW2Error(kFALSE), to return errors from original HESSE error matrix
             (which will be proportional to the sum of the weights)
       If you want the errors to reflect the information contained in the provided dataset, choose kTRUE. 
       If you want the errors to reflect the precision you would be able to obtain with an unweighted dataset 
       with 'sum-of-weights' events, choose kFALSE.
 **********
 **   13 **MIGRAD        2500           1
 **********
 FIRST CALL TO USER FUNCTION AT NEW START POINT, WITH IFLAG=4.
 START MIGRAD MINIMIZATION.  STRATEGY  1.  CONVERGENCE WHEN EDM .LT. 1.00e-03
 FCN=9199.28 FROM MIGRAD    STATUS=INITIATE       20 CALLS          21 TOTAL
                     EDM= unknown      STRATEGY= 1      NO ERROR MATRIX       
  EXT PARAMETER               CURRENT GUESS       STEP         FIRST   
  NO.   NAME      VALUE            ERROR          SIZE      DERIVATIVE 
   1  sg_p0        3.05000e+02   3.00000e+00   2.01358e-01   1.31737e+03
   2  sg_p1        7.00000e+00   4.00000e-01   2.01358e-01  -3.80725e+01
   3  sg_p2        2.60000e+02   1.80000e+01   2.01358e-01   3.68970e+01
   4  sg_p3        7.00000e+01   1.20000e+01   2.01358e-01   3.60460e+01
   5  sg_p4        5.00000e-01   1.00000e-01   2.01358e-01  -9.61061e+01
                               ERR DEF= 0.5
 MIGRAD MINIMIZATION HAS CONVERGED.
 MIGRAD WILL VERIFY CONVERGENCE AND ERROR MATRIX.
 COVARIANCE MATRIX CALCULATED SUCCESSFULLY
 FCN=8979.33 FROM MIGRAD    STATUS=CONVERGED     286 CALLS         287 TOTAL
                     EDM=6.06176e-05    STRATEGY= 1      ERROR MATRIX ACCURATE 
  EXT PARAMETER                                   STEP         FIRST   
  NO.   NAME      VALUE            ERROR          SIZE      DERIVATIVE 
   1  sg_p0        3.00769e+02   2.16735e-01   9.53991e-04  -5.33757e-02
   2  sg_p1        6.70308e+00   2.45021e-01   5.89293e-03  -3.95912e-02
   3  sg_p2        2.87922e+02   3.34063e+00   1.53235e-03  -3.18644e-02
   4  sg_p3        3.55948e+01   4.26381e+00   3.23155e-03  -4.27157e-03
   5  sg_p4        6.37600e-01   1.68956e-02   2.00611e-03   2.50190e-01
                               ERR DEF= 0.5
 EXTERNAL ERROR MATRIX.    NDIM=  25    NPAR=  5    ERR DEF=0.5
  4.698e-02 -9.160e-03  4.009e-02  1.638e-01 -3.977e-04 
 -9.160e-03  6.035e-02 -4.159e-01 -5.898e-01  1.951e-03 
  4.009e-02 -4.159e-01  1.117e+01  1.132e+01 -9.034e-03 
  1.638e-01 -5.898e-01  1.132e+01  1.823e+01 -1.125e-02 
 -3.977e-04  1.951e-03 -9.034e-03 -1.125e-02  2.856e-04 
 PARAMETER  CORRELATION COEFFICIENTS  
       NO.  GLOBAL      1      2      3      4      5
        1  0.25346   1.000 -0.172  0.055  0.177 -0.109
        2  0.68892  -0.172  1.000 -0.507 -0.562  0.470
        3  0.80257   0.055 -0.507  1.000  0.794 -0.160
        4  0.82438   0.177 -0.562  0.794  1.000 -0.156
        5  0.48969  -0.109  0.470 -0.160 -0.156  1.000
 **********
 **   18 **HESSE        2500
 **********
 COVARIANCE MATRIX CALCULATED SUCCESSFULLY
 FCN=8979.33 FROM HESSE     STATUS=OK             31 CALLS         318 TOTAL
                     EDM=6.06043e-05    STRATEGY= 1      ERROR MATRIX ACCURATE 
  EXT PARAMETER                                INTERNAL      INTERNAL  
  NO.   NAME      VALUE            ERROR       STEP SIZE       VALUE   
   1  sg_p0        3.00769e+02   2.16688e-01   1.90798e-04  -2.85961e-01
   2  sg_p1        6.70308e+00   2.44943e-01   1.17859e-03  -1.49009e-01
   3  sg_p2        2.87922e+02   3.32664e+00   3.06471e-04   3.15452e-01
   4  sg_p3        3.55948e+01   4.24592e+00   1.29262e-04  -2.53092e+00
   5  sg_p4        6.37600e-01   1.68934e-02   4.01222e-04   2.78798e-01
                               ERR DEF= 0.5
 EXTERNAL ERROR MATRIX.    NDIM=  25    NPAR=  5    ERR DEF=0.5
  4.696e-02 -9.141e-03  3.853e-02  1.617e-01 -3.954e-04 
 -9.141e-03  6.031e-02 -4.131e-01 -5.862e-01  1.947e-03 
  3.853e-02 -4.131e-01  1.107e+01  1.120e+01 -8.911e-03 
  1.617e-01 -5.862e-01  1.120e+01  1.807e+01 -1.105e-02 
 -3.954e-04  1.947e-03 -8.911e-03 -1.105e-02  2.855e-04 
 PARAMETER  CORRELATION COEFFICIENTS  
       NO.  GLOBAL      1      2      3      4      5
        1  0.25265   1.000 -0.172  0.053  0.175 -0.108
        2  0.68868  -0.172  1.000 -0.506 -0.562  0.469
        3  0.80070   0.053 -0.506  1.000  0.792 -0.158
        4  0.82272   0.175 -0.562  0.792  1.000 -0.154
        5  0.48949  -0.108  0.469 -0.158 -0.154  1.000
300
300.769 +- 0.216688
6.70308 +- 0.244943
[#0] WARNING:InputArguments -- RooAbsPdf::fitTo(signal) WARNING: a likelihood fit is request of what appears to be weighted data. 
       While the estimated values of the parameters will always be calculated taking the weights into account, 
       there are multiple ways to estimate the errors on these parameter values. You are advised to make an 
       explicit choice on the error calculation: 
           - Either provide SumW2Error(kTRUE), to calculate a sum-of-weights corrected HESSE error matrix 
             (error will be proportional to the number of events)
           - Or provide SumW2Error(kFALSE), to return errors from original HESSE error matrix
             (which will be proportional to the sum of the weights)
       If you want the errors to reflect the information contained in the provided dataset, choose kTRUE. 
       If you want the errors to reflect the precision you would be able to obtain with an unweighted dataset 
       with 'sum-of-weights' events, choose kFALSE.
 **********
 **   13 **MIGRAD        2500           1
 **********
 FIRST CALL TO USER FUNCTION AT NEW START POINT, WITH IFLAG=4.
 START MIGRAD MINIMIZATION.  STRATEGY  1.  CONVERGENCE WHEN EDM .LT. 1.00e-03
 FCN=9528.95 FROM MIGRAD    STATUS=INITIATE       20 CALLS          21 TOTAL
                     EDM= unknown      STRATEGY= 1      NO ERROR MATRIX       
  EXT PARAMETER               CURRENT GUESS       STEP         FIRST   
  NO.   NAME      VALUE            ERROR          SIZE      DERIVATIVE 
   1  sg_p0        3.05000e+02   3.00000e+00   2.01358e-01   1.40358e+03
   2  sg_p1        7.00000e+00   4.00000e-01   2.01358e-01  -2.86077e+01
   3  sg_p2        2.60000e+02   1.80000e+01   2.01358e-01   4.07742e+01
   4  sg_p3        7.00000e+01   1.20000e+01   2.01358e-01   3.28657e+01
   5  sg_p4        5.00000e-01   1.00000e-01   2.01358e-01  -1.55130e+02
                               ERR DEF= 0.5
 MIGRAD MINIMIZATION HAS CONVERGED.
 MIGRAD WILL VERIFY CONVERGENCE AND ERROR MATRIX.
 COVARIANCE MATRIX CALCULATED SUCCESSFULLY
 FCN=9284.6 FROM MIGRAD    STATUS=CONVERGED     275 CALLS         276 TOTAL
                     EDM=1.0669e-06    STRATEGY= 1      ERROR MATRIX ACCURATE 
  EXT PARAMETER                                   STEP         FIRST   
  NO.   NAME      VALUE            ERROR          SIZE      DERIVATIVE 
   1  sg_p0        3.00844e+02   2.01930e-01   9.05593e-04   7.10616e-03
   2  sg_p1        6.50018e+00   2.20682e-01   5.70172e-03  -1.20796e-03
   3  sg_p2        2.89404e+02   2.63913e+00   1.40244e-03   7.93444e-03
   4  sg_p3        3.36229e+01   3.43508e+00   3.08392e-03  -8.78771e-03
   5  sg_p4        6.54921e-01   1.64524e-02   1.98673e-03  -7.23147e-03
                               ERR DEF= 0.5
 EXTERNAL ERROR MATRIX.    NDIM=  25    NPAR=  5    ERR DEF=0.5
  4.078e-02 -6.775e-03  1.130e-02 -1.118e-01 -3.655e-04 
 -6.775e-03  4.891e-02 -2.623e-01  4.000e-01  1.828e-03 
  1.130e-02 -2.623e-01  6.967e+00 -6.550e+00 -9.484e-03 
 -1.118e-01  4.000e-01 -6.550e+00  1.182e+01  1.315e-02 
 -3.655e-04  1.828e-03 -9.484e-03  1.315e-02  2.708e-04 
 PARAMETER  CORRELATION COEFFICIENTS  
       NO.  GLOBAL      1      2      3      4      5
        1  0.23688   1.000 -0.152  0.021 -0.161 -0.110
        2  0.66103  -0.152  1.000 -0.449  0.526  0.502
        3  0.73398   0.021 -0.449  1.000 -0.722 -0.218
        4  0.76528  -0.161  0.526 -0.722  1.000  0.232
        5  0.50584  -0.110  0.502 -0.218  0.232  1.000
 **********
 **   18 **HESSE        2500
 **********
 COVARIANCE MATRIX CALCULATED SUCCESSFULLY
 FCN=9284.6 FROM HESSE     STATUS=OK             31 CALLS         307 TOTAL
                     EDM=1.12622e-06    STRATEGY= 1      ERROR MATRIX ACCURATE 
