
Processing test.c...
prova
nSignal_init = 292400
 here 10048
  here 2847
[#0] WARNING:InputArguments -- RooAbsPdf::fitTo(signal) WARNING: a likelihood fit is request of what appears to be weighted data. 
       While the estimated values of the parameters will always be calculated taking the weights into account, 
       there are multiple ways to estimate the errors on these parameter values. You are advised to make an 
       explicit choice on the error calculation: 
           - Either provide SumW2Error(kTRUE), to calculate a sum-of-weights corrected HESSE error matrix 
             (error will be proportional to the number of events)
           - Or provide SumW2Error(kFALSE), to return errors from original HESSE error matrix
             (which will be proportional to the sum of the weights)
       If you want the errors to reflect the information contained in the provided dataset, choose kTRUE. 
       If you want the errors to reflect the precision you would be able to obtain with an unweighted dataset 
       with 'sum-of-weights' events, choose kFALSE.
 **********
 **   13 **MIGRAD        2500           1
 **********
 FIRST CALL TO USER FUNCTION AT NEW START POINT, WITH IFLAG=4.
 START MIGRAD MINIMIZATION.  STRATEGY  1.  CONVERGENCE WHEN EDM .LT. 1.00e-03
 FCN=10671.8 FROM MIGRAD    STATUS=INITIATE       41 CALLS          42 TOTAL
                     EDM= unknown      STRATEGY= 1      NO ERROR MATRIX       
  EXT PARAMETER               CURRENT GUESS       STEP         FIRST   
  NO.   NAME      VALUE            ERROR          SIZE      DERIVATIVE 
   1  sg_p0        2.85000e+02   7.00000e+00   0.00000e+00  -3.00129e+01
   2  sg_p1        2.00000e+01   3.00000e+00   0.00000e+00   2.73997e+02
   3  sg_p2        3.05000e+02   1.10000e+01   0.00000e+00   3.44893e+02
   4  sg_p3        2.87274e+01   1.20000e+01  -7.58559e-01   2.90110e+02
   5  sg_p4        5.00000e-01   1.00000e-01   0.00000e+00  -2.20066e+02
                               ERR DEF= 0.5
 MIGRAD MINIMIZATION HAS CONVERGED.
 MIGRAD WILL VERIFY CONVERGENCE AND ERROR MATRIX.
 COVARIANCE MATRIX CALCULATED SUCCESSFULLY
 FCN=10524.6 FROM MIGRAD    STATUS=CONVERGED     354 CALLS         355 TOTAL
                     EDM=7.68596e-05    STRATEGY= 1      ERROR MATRIX ACCURATE 
  EXT PARAMETER                                   STEP         FIRST   
  NO.   NAME      VALUE            ERROR          SIZE      DERIVATIVE 
   1  sg_p0        2.89511e+02   4.59912e-01   8.25689e-04   6.14527e-01
   2  sg_p1        1.85985e+01   3.45019e-01   1.42467e-03  -2.18979e-01
   3  sg_p2        3.52107e+02   1.06982e+01   1.57916e-02  -2.64910e-03
   4  sg_p3        3.54000e+01   7.32271e+00   9.02778e-03  -2.46040e-02
   5  sg_p4        9.55907e-01   1.14844e-02   1.93954e-03  -1.25320e-02
                               ERR DEF= 0.5
 EXTERNAL ERROR MATRIX.    NDIM=  25    NPAR=  5    ERR DEF=0.5
  2.115e-01  4.810e-02  2.127e+00 -3.395e-01  2.317e-03 
  4.810e-02  1.191e-01  1.614e+00 -2.053e-01  1.778e-03 
  2.127e+00  1.614e+00  1.203e+02 -2.555e+01  1.032e-01 
 -3.395e-01 -2.053e-01 -2.555e+01  5.403e+01 -4.223e-02 
  2.317e-03  1.778e-03  1.032e-01 -4.223e-02  1.320e-04 
 PARAMETER  CORRELATION COEFFICIENTS  
       NO.  GLOBAL      1      2      3      4      5
        1  0.47549   1.000  0.303  0.422 -0.100  0.438
        2  0.49162   0.303  1.000  0.427 -0.081  0.448
        3  0.82825   0.422  0.427  1.000 -0.317  0.818
        4  0.55291  -0.100 -0.081 -0.317  1.000 -0.500
        5  0.87137   0.438  0.448  0.818 -0.500  1.000
 **********
 **   18 **HESSE        2500
 **********
 COVARIANCE MATRIX CALCULATED SUCCESSFULLY
 FCN=10524.6 FROM HESSE     STATUS=OK             31 CALLS         386 TOTAL
                     EDM=7.76722e-05    STRATEGY= 1      ERROR MATRIX ACCURATE 
  EXT PARAMETER                                INTERNAL      INTERNAL  
  NO.   NAME      VALUE            ERROR       STEP SIZE       VALUE   
   1  sg_p0        2.89511e+02   4.65840e-01   1.65138e-04   1.29251e-01
   2  sg_p1        1.85985e+01   3.49166e-01   2.84935e-04  -9.35700e-02
   3  sg_p2        3.52107e+02   1.13228e+01   6.31662e-04   1.02845e+00
   4  sg_p3        3.54000e+01   7.56512e+00   3.61111e-04  -6.14642e-01
   5  sg_p4        9.55907e-01   1.22786e-02   7.75815e-05   1.14768e+00
                               ERR DEF= 0.5
 EXTERNAL ERROR MATRIX.    NDIM=  25    NPAR=  5    ERR DEF=0.5
  2.170e-01  5.201e-02  2.419e+00 -5.118e-01  2.646e-03 
  5.201e-02  1.219e-01  1.826e+00 -3.276e-01  2.015e-03 
  2.419e+00  1.826e+00  1.356e+02 -3.448e+01  1.205e-01 
 -5.118e-01 -3.276e-01 -3.448e+01  5.769e+01 -5.138e-02 
  2.646e-03  2.015e-03  1.205e-01 -5.138e-02  1.509e-04 
 PARAMETER  CORRELATION COEFFICIENTS  
       NO.  GLOBAL      1      2      3      4      5
        1  0.49564   1.000  0.320  0.446 -0.145  0.462
        2  0.50951   0.320  1.000  0.449 -0.124  0.470
        3  0.84935   0.446  0.449  1.000 -0.390  0.842
        4  0.59135  -0.145 -0.124 -0.390  1.000 -0.551
        5  0.88851   0.462  0.470  0.842 -0.551  1.000
300
289.511 +- 0.46584
18.5985 +- 0.349166
[#0] WARNING:InputArguments -- RooAbsPdf::fitTo(signal) WARNING: a likelihood fit is request of what appears to be weighted data. 
       While the estimated values of the parameters will always be calculated taking the weights into account, 
       there are multiple ways to estimate the errors on these parameter values. You are advised to make an 
       explicit choice on the error calculation: 
           - Either provide SumW2Error(kTRUE), to calculate a sum-of-weights corrected HESSE error matrix 
             (error will be proportional to the number of events)
           - Or provide SumW2Error(kFALSE), to return errors from original HESSE error matrix
             (which will be proportional to the sum of the weights)
       If you want the errors to reflect the information contained in the provided dataset, choose kTRUE. 
       If you want the errors to reflect the precision you would be able to obtain with an unweighted dataset 
       with 'sum-of-weights' events, choose kFALSE.
 **********
 **   13 **MIGRAD        2500           1
 **********
 FIRST CALL TO USER FUNCTION AT NEW START POINT, WITH IFLAG=4.
 START MIGRAD MINIMIZATION.  STRATEGY  1.  CONVERGENCE WHEN EDM .LT. 1.00e-03
 FCN=9556.48 FROM MIGRAD    STATUS=INITIATE       38 CALLS          39 TOTAL
                     EDM= unknown      STRATEGY= 1      NO ERROR MATRIX       
  EXT PARAMETER               CURRENT GUESS       STEP         FIRST   
  NO.   NAME      VALUE            ERROR          SIZE      DERIVATIVE 
   1  sg_p0        3.05000e+02   3.00000e+00   0.00000e+00   1.12054e+03
   2  sg_p1        7.00000e+00   4.00000e-01   0.00000e+00   9.56461e+00
   3  sg_p2        2.60000e+02   1.80000e+01   0.00000e+00  -7.99647e+01
   4  sg_p3        5.45660e+01   1.20000e+01  -2.60157e-01   1.60554e+01
   5  sg_p4        5.00000e-01   1.00000e-01   0.00000e+00  -4.10102e+02
                               ERR DEF= 0.5
 MIGRAD MINIMIZATION HAS CONVERGED.
 MIGRAD WILL VERIFY CONVERGENCE AND ERROR MATRIX.
 COVARIANCE MATRIX CALCULATED SUCCESSFULLY
 FCN=9264.17 FROM MIGRAD    STATUS=CONVERGED     200 CALLS         201 TOTAL
                     EDM=2.92304e-06    STRATEGY= 1      ERROR MATRIX ACCURATE 
  EXT PARAMETER                                   STEP         FIRST   
  NO.   NAME      VALUE            ERROR          SIZE      DERIVATIVE 
   1  sg_p0        3.00814e+02   2.06438e-01   9.26383e-04  -5.93057e-02
   2  sg_p1        6.64852e+00   2.21663e-01   5.69908e-03  -2.05141e-03
   3  sg_p2        2.86575e+02   3.51527e+00   1.58767e-03   1.18329e-02
   4  sg_p3        3.64202e+01   4.24244e+00   3.12893e-03   3.06826e-03
   5  sg_p4        6.89615e-01   2.03983e-02   1.92446e-03   3.56885e-02
                               ERR DEF= 0.5
 EXTERNAL ERROR MATRIX.    NDIM=  25    NPAR=  5    ERR DEF=0.5
  4.262e-02 -6.750e-03  3.352e-02 -1.398e-01 -6.273e-04 
 -6.750e-03  4.934e-02 -3.726e-01  4.866e-01  2.878e-03 
  3.352e-02 -3.726e-01  1.236e+01 -1.191e+01 -4.406e-02 
 -1.398e-01  4.866e-01 -1.191e+01  1.804e+01  5.769e-02 
 -6.273e-04  2.878e-03 -4.406e-02  5.769e-02  4.164e-04 
 PARAMETER  CORRELATION COEFFICIENTS  
       NO.  GLOBAL      1      2      3      4      5
        1  0.23325   1.000 -0.147  0.046 -0.159 -0.149
        2  0.65003  -0.147  1.000 -0.477  0.516  0.635
        3  0.81101   0.046 -0.477  1.000 -0.798 -0.614
        4  0.83416  -0.159  0.516 -0.798  1.000  0.666
        5  0.75436  -0.149  0.635 -0.614  0.666  1.000
 **********
 **   18 **HESSE        2500
 **********
 COVARIANCE MATRIX CALCULATED SUCCESSFULLY
 FCN=9264.17 FROM HESSE     STATUS=OK             31 CALLS         232 TOTAL
                     EDM=2.99396e-06    STRATEGY= 1      ERROR MATRIX ACCURATE 
  EXT PARAMETER                                INTERNAL      INTERNAL  
  NO.   NAME      VALUE            ERROR       STEP SIZE       VALUE   
   1  sg_p0        3.00814e+02   2.06598e-01   1.85277e-04  -2.82852e-01
   2  sg_p1        6.64852e+00   2.24789e-01   2.27963e-04  -1.76658e-01
   3  sg_p2        2.86575e+02   3.65130e+00   3.17534e-04   2.99741e-01
   4  sg_p3        3.64202e+01   4.40888e+00   1.25157e-04  -5.93979e-01
   5  sg_p4        6.89615e-01   2.08599e-02   3.84892e-04   3.88964e-01
                               ERR DEF= 0.5
 EXTERNAL ERROR MATRIX.    NDIM=  25    NPAR=  5    ERR DEF=0.5
  4.269e-02 -7.090e-03  4.180e-02 -1.493e-01 -6.625e-04 
 -7.090e-03  5.075e-02 -4.097e-01  5.316e-01  3.042e-03 
  4.180e-02 -4.097e-01  1.334e+01 -1.313e+01 -4.841e-02 
 -1.493e-01  5.316e-01 -1.313e+01  1.949e+01  6.295e-02 
 -6.625e-04  3.042e-03 -4.841e-02  6.295e-02  4.354e-04 
 PARAMETER  CORRELATION COEFFICIENTS  
       NO.  GLOBAL      1      2      3      4      5
        1  0.23637   1.000 -0.152  0.055 -0.164 -0.154
        2  0.66224  -0.152  1.000 -0.498  0.535  0.647
        3  0.82631   0.055 -0.498  1.000 -0.814 -0.635
        4  0.84758  -0.164  0.535 -0.814  1.000  0.683
        5  0.76677  -0.154  0.647 -0.635  0.683  1.000
300
300.814 +- 0.206598
6.64852 +- 0.224789
 fit done 
36.0 fb^{-1} (13 TeV)
