
Processing test.c...
nSignal_init = 100000
test
test
[#0] WARNING:InputArguments -- RooAbsPdf::fitTo(signal) WARNING: a likelihood fit is request of what appears to be weighted data. 
       While the estimated values of the parameters will always be calculated taking the weights into account, 
       there are multiple ways to estimate the errors on these parameter values. You are advised to make an 
       explicit choice on the error calculation: 
           - Either provide SumW2Error(kTRUE), to calculate a sum-of-weights corrected HESSE error matrix 
             (error will be proportional to the number of events)
           - Or provide SumW2Error(kFALSE), to return errors from original HESSE error matrix
             (which will be proportional to the sum of the weights)
       If you want the errors to reflect the information contained in the provided dataset, choose kTRUE. 
       If you want the errors to reflect the precision you would be able to obtain with an unweighted dataset 
       with 'sum-of-weights' events, choose kFALSE.
 **********
 **   13 **MIGRAD        2500           1
 **********
 FIRST CALL TO USER FUNCTION AT NEW START POINT, WITH IFLAG=4.
 START MIGRAD MINIMIZATION.  STRATEGY  1.  CONVERGENCE WHEN EDM .LT. 1.00e-03
 FCN=18297.2 FROM MIGRAD    STATUS=INITIATE       20 CALLS          21 TOTAL
                     EDM= unknown      STRATEGY= 1      NO ERROR MATRIX       
  EXT PARAMETER               CURRENT GUESS       STEP         FIRST   
  NO.   NAME      VALUE            ERROR          SIZE      DERIVATIVE 
   1  sg_p0        4.90000e+02   6.00000e+00   2.01358e-01   4.88508e+02
   2  sg_p1        2.35000e+01   3.30000e+00   2.01358e-01   7.52283e+01
   3  sg_p2        4.95000e+02   1.90000e+01   2.01358e-01   1.04492e+03
   4  sg_p3        5.50000e+01   9.00000e+00   2.01358e-01  -1.27139e+02
   5  sg_p4        5.00000e-01   1.00000e-01   2.01358e-01  -3.31849e+02
                               ERR DEF= 0.5
 MIGRAD MINIMIZATION HAS CONVERGED.
 MIGRAD WILL VERIFY CONVERGENCE AND ERROR MATRIX.
 COVARIANCE MATRIX CALCULATED SUCCESSFULLY
 FCN=17871.1 FROM MIGRAD    STATUS=CONVERGED     270 CALLS         271 TOTAL
                     EDM=0.000209103    STRATEGY= 1      ERROR MATRIX ACCURATE 
  EXT PARAMETER                                   STEP         FIRST   
  NO.   NAME      VALUE            ERROR          SIZE      DERIVATIVE 
   1  sg_p0        4.82781e+02   4.91816e-01   1.54936e-03   4.63902e-01
   2  sg_p1        2.77322e+01   3.77130e-01   2.11298e-03  -7.95545e-04
   3  sg_p2        4.00000e+02   7.22234e+00   3.62181e-02   1.52038e-02
   4  sg_p3        9.99995e+01   7.83688e+00   5.52124e-02  -1.33082e-02
   5  sg_p4        9.49597e-01   5.34566e-03   2.17525e-03   3.38347e-01
                               ERR DEF= 0.5
 EXTERNAL ERROR MATRIX.    NDIM=  25    NPAR=  5    ERR DEF=0.5
  2.419e-01 -1.201e-02  7.239e-06  6.832e-04 -2.726e-04 
 -1.201e-02  1.423e-01 -5.971e-04  4.705e-05  4.980e-04 
  7.239e-06 -5.971e-04  7.635e-03 -3.089e-06 -2.189e-05 
  6.832e-04  4.705e-05 -3.089e-06  1.671e-02  2.174e-06 
 -2.726e-04  4.980e-04 -2.189e-05  2.174e-06  2.858e-05 
 PARAMETER  CORRELATION COEFFICIENTS  
       NO.  GLOBAL      1      2      3      4      5
        1  0.11194   1.000 -0.065  0.000  0.011 -0.104
        2  0.25018  -0.065  1.000 -0.018  0.001  0.247
        3  0.04761   0.000 -0.018  1.000 -0.000 -0.047
        4  0.01159   0.011  0.001 -0.000  1.000  0.003
        5  0.26559  -0.104  0.247 -0.047  0.003  1.000
 **********
 **   18 **HESSE        2500
 **********
 COVARIANCE MATRIX CALCULATED SUCCESSFULLY
 FCN=17871.1 FROM HESSE     STATUS=OK             31 CALLS         302 TOTAL
                     EDM=0.000214101    STRATEGY= 1      ERROR MATRIX ACCURATE 
  EXT PARAMETER                                INTERNAL      INTERNAL  
  NO.   NAME      VALUE            ERROR       STEP SIZE       VALUE   
   1  sg_p0        4.82781e+02   4.91810e-01   3.09872e-04  -2.43026e-01
   2  sg_p1        2.77322e+01   3.77150e-01   8.45194e-05   2.59399e-01
   3  sg_p2        4.00000e+02   7.23045e+00   7.24363e-03  -1.56845e+00
   4  sg_p3        9.99995e+01   7.86694e+00   1.10425e-02   1.56600e+00
   5  sg_p4        9.49597e-01   5.34101e-03   4.35051e-04   1.11793e+00
                               ERR DEF= 0.5
 EXTERNAL ERROR MATRIX.    NDIM=  25    NPAR=  5    ERR DEF=0.5
  2.419e-01 -1.221e-02  2.317e-06  2.181e-05 -2.728e-04 
 -1.221e-02  1.423e-01 -1.751e-04  1.477e-06  4.978e-04 
  2.317e-06 -1.751e-04  7.644e-03 -2.852e-08 -6.407e-06 
  2.181e-05  1.477e-06 -2.852e-08  1.678e-02  6.944e-08 
 -2.728e-04  4.978e-04 -6.407e-06  6.944e-08  2.853e-05 
 PARAMETER  CORRELATION COEFFICIENTS  
       NO.  GLOBAL      1      2      3      4      5
        1  0.11182   1.000 -0.066  0.000  0.000 -0.104
        2  0.25038  -0.066  1.000 -0.005  0.000  0.247
        3  0.01394   0.000 -0.005  1.000 -0.000 -0.014
        4  0.00037   0.000  0.000 -0.000  1.000  0.000
        5  0.26252  -0.104  0.247 -0.014  0.000  1.000
500
482.781 +- 0.49181
27.7322 +- 0.37715
[#0] WARNING:InputArguments -- RooAbsPdf::fitTo(signal) WARNING: a likelihood fit is request of what appears to be weighted data. 
       While the estimated values of the parameters will always be calculated taking the weights into account, 
       there are multiple ways to estimate the errors on these parameter values. You are advised to make an 
       explicit choice on the error calculation: 
           - Either provide SumW2Error(kTRUE), to calculate a sum-of-weights corrected HESSE error matrix 
             (error will be proportional to the number of events)
           - Or provide SumW2Error(kFALSE), to return errors from original HESSE error matrix
             (which will be proportional to the sum of the weights)
       If you want the errors to reflect the information contained in the provided dataset, choose kTRUE. 
       If you want the errors to reflect the precision you would be able to obtain with an unweighted dataset 
       with 'sum-of-weights' events, choose kFALSE.
 **********
 **   13 **MIGRAD        2500           1
 **********
 FIRST CALL TO USER FUNCTION AT NEW START POINT, WITH IFLAG=4.
 START MIGRAD MINIMIZATION.  STRATEGY  1.  CONVERGENCE WHEN EDM .LT. 1.00e-03
 FCN=18169.3 FROM MIGRAD    STATUS=INITIATE       20 CALLS          21 TOTAL
                     EDM= unknown      STRATEGY= 1      NO ERROR MATRIX       
  EXT PARAMETER               CURRENT GUESS       STEP         FIRST   
  NO.   NAME      VALUE            ERROR          SIZE      DERIVATIVE 
   1  sg_p0        4.90000e+02   6.00000e+00   2.01358e-01   3.31882e+02
   2  sg_p1        2.35000e+01   3.30000e+00   2.01358e-01   8.82382e+01
   3  sg_p2        4.95000e+02   1.90000e+01   2.01358e-01   9.40789e+02
   4  sg_p3        5.50000e+01   9.00000e+00   2.01358e-01  -1.28474e+02
   5  sg_p4        5.00000e-01   1.00000e-01   2.01358e-01  -3.45518e+02
                               ERR DEF= 0.5
 MIGRAD MINIMIZATION HAS CONVERGED.
 MIGRAD WILL VERIFY CONVERGENCE AND ERROR MATRIX.
 COVARIANCE MATRIX CALCULATED SUCCESSFULLY
 FCN=17775 FROM MIGRAD    STATUS=CONVERGED     298 CALLS         299 TOTAL
                     EDM=6.02039e-05    STRATEGY= 1      ERROR MATRIX ACCURATE 
  EXT PARAMETER                                   STEP         FIRST   
  NO.   NAME      VALUE            ERROR          SIZE      DERIVATIVE 
   1  sg_p0        4.84762e+02   4.94191e-01   1.52434e-03   1.30913e-01
   2  sg_p1        2.76557e+01   3.74902e-01   2.09728e-03   4.83776e-02
   3  sg_p2        4.00000e+02   4.37949e+00   2.80592e-02** at limit **
   4  sg_p3        9.99992e+01   6.41285e+01   1.21382e-01   2.55150e-03
   5  sg_p4        9.47779e-01   5.38139e-03   2.15294e-03  -2.62881e-01
                               ERR DEF= 0.5
 EXTERNAL ERROR MATRIX.    NDIM=  25    NPAR=  5    ERR DEF=0.5
  2.442e-01 -1.391e-02  1.965e-06  1.328e-02 -2.985e-04 
 -1.391e-02  1.406e-01 -2.130e-05 -8.696e-04  4.743e-04 
  1.965e-06 -2.130e-05  4.142e-05 -4.503e-06 -8.642e-07 
  1.328e-02 -8.696e-04 -4.503e-06  1.378e-01  3.311e-05 
 -2.985e-04  4.743e-04 -8.642e-07  3.311e-05  2.896e-05 
 PARAMETER  CORRELATION COEFFICIENTS  
       NO.  GLOBAL      1      2      3      4      5
        1  0.14334   1.000 -0.075  0.001  0.072 -0.112
        2  0.24021  -0.075  1.000 -0.009 -0.006  0.235
        3  0.02528   0.001 -0.009  1.000 -0.002 -0.025
        4  0.07681   0.072 -0.006 -0.002  1.000  0.017
        5  0.25571  -0.112  0.235 -0.025  0.017  1.000
 **********
 **   18 **HESSE        2500
 **********
 COVARIANCE MATRIX CALCULATED SUCCESSFULLY
 FCN=17775 FROM HESSE     STATUS=OK             35 CALLS         334 TOTAL
                     EDM=5.16959e-05    STRATEGY= 1      ERROR MATRIX ACCURATE 
  EXT PARAMETER                                INTERNAL      INTERNAL  
  NO.   NAME      VALUE            ERROR       STEP SIZE       VALUE   
   1  sg_p0        4.84762e+02   5.00293e-01   3.04869e-04  -1.75493e-01
   2  sg_p1        2.76557e+01   3.74977e-01   8.38911e-05   2.54605e-01
   3  sg_p2        4.00000e+02   4.38207e+00   5.61185e-03  -1.57057e+00
                                 WARNING -   - ABOVE PARAMETER IS AT LIMIT.
   4  sg_p3        9.99992e+01   1.55865e+01   4.95239e-01   1.57658e+00
   5  sg_p4        9.47779e-01   5.38465e-03   4.30589e-04   1.10968e+00
                               ERR DEF= 0.5
 EXTERNAL ERROR MATRIX.    NDIM=  25    NPAR=  5    ERR DEF=0.5
  2.503e-01 -1.437e-02 -1.054e-07  1.912e-02 -2.821e-04 
 -1.437e-02  1.406e-01 -4.527e-06 -8.788e-04  4.745e-04 
 -1.054e-07 -4.527e-06  4.144e-05 -1.618e-06 -1.856e-07 
  1.912e-02 -8.788e-04 -1.618e-06  4.993e-02  5.148e-05 
 -2.821e-04  4.745e-04 -1.856e-07  5.148e-05  2.900e-05 
 PARAMETER  CORRELATION COEFFICIENTS  
       NO.  GLOBAL      1      2      3      4      5
        1  0.21046   1.000 -0.077 -0.000  0.171 -0.105
        2  0.24099  -0.077  1.000 -0.002 -0.010  0.235
        3  0.00549  -0.000 -0.002  1.000 -0.001 -0.005
        4  0.18195   0.171 -0.010 -0.001  1.000  0.043
        5  0.25791  -0.105  0.235 -0.005  0.043  1.000
500
484.762 +- 0.500293
27.6557 +- 0.374977
[#0] WARNING:InputArguments -- RooAbsPdf::fitTo(signal) WARNING: a likelihood fit is request of what appears to be weighted data. 
       While the estimated values of the parameters will always be calculated taking the weights into account, 
       there are multiple ways to estimate the errors on these parameter values. You are advised to make an 
       explicit choice on the error calculation: 
           - Either provide SumW2Error(kTRUE), to calculate a sum-of-weights corrected HESSE error matrix 
             (error will be proportional to the number of events)
           - Or provide SumW2Error(kFALSE), to return errors from original HESSE error matrix
             (which will be proportional to the sum of the weights)
       If you want the errors to reflect the information contained in the provided dataset, choose kTRUE. 
       If you want the errors to reflect the precision you would be able to obtain with an unweighted dataset 
       with 'sum-of-weights' events, choose kFALSE.
 **********
 **   13 **MIGRAD        2500           1
 **********
 FIRST CALL TO USER FUNCTION AT NEW START POINT, WITH IFLAG=4.
 START MIGRAD MINIMIZATION.  STRATEGY  1.  CONVERGENCE WHEN EDM .LT. 1.00e-03
 FCN=18067.3 FROM MIGRAD    STATUS=INITIATE       20 CALLS          21 TOTAL
                     EDM= unknown      STRATEGY= 1      NO ERROR MATRIX       
  EXT PARAMETER               CURRENT GUESS       STEP         FIRST   
  NO.   NAME      VALUE            ERROR          SIZE      DERIVATIVE 
   1  sg_p0        4.90000e+02   6.00000e+00   2.01358e-01   6.30906e+02
   2  sg_p1        2.35000e+01   3.30000e+00   2.01358e-01   6.68366e+01
   3  sg_p2        4.95000e+02   1.90000e+01   2.01358e-01   1.15954e+03
   4  sg_p3        5.50000e+01   9.00000e+00   2.01358e-01  -1.16092e+02
   5  sg_p4        5.00000e-01   1.00000e-01   2.01358e-01  -3.26605e+02
                               ERR DEF= 0.5
 MIGRAD MINIMIZATION HAS CONVERGED.
 MIGRAD WILL VERIFY CONVERGENCE AND ERROR MATRIX.
 COVARIANCE MATRIX CALCULATED SUCCESSFULLY
 FCN=17575.8 FROM MIGRAD    STATUS=CONVERGED     279 CALLS         280 TOTAL
                     EDM=3.64156e-05    STRATEGY= 1      ERROR MATRIX ACCURATE 
  EXT PARAMETER                                   STEP         FIRST   
  NO.   NAME      VALUE            ERROR          SIZE      DERIVATIVE 
   1  sg_p0        4.80603e+02   4.87655e-01   1.55641e-03   1.00438e-01
   2  sg_p1        2.73597e+01   3.75999e-01   2.07241e-03  -3.88766e-02
   3  sg_p2        4.00000e+02   7.70615e+00   3.73444e-02  -1.20875e-02
   4  sg_p3        9.99999e+01   9.07676e+00   5.91616e-02   4.30185e-03
   5  sg_p4        9.52020e-01   5.29904e-03   2.18424e-03  -2.42849e-02
                               ERR DEF= 0.5
 EXTERNAL ERROR MATRIX.    NDIM=  25    NPAR=  5    ERR DEF=0.5
  2.378e-01 -1.252e-02  1.605e-06  3.978e-04 -2.735e-04 
 -1.252e-02  1.414e-01 -4.268e-04  1.441e-06  5.110e-04 
  1.605e-06 -4.268e-04  5.890e-03 -4.600e-07 -1.533e-05 
  3.978e-04  1.441e-06 -4.600e-07  2.758e-03  4.935e-07 
 -2.735e-04  5.110e-04 -1.533e-05  4.935e-07  2.809e-05 
 PARAMETER  CORRELATION COEFFICIENTS  
       NO.  GLOBAL      1      2      3      4      5
        1  0.11523   1.000 -0.068  0.000  0.016 -0.106
        2  0.25980  -0.068  1.000 -0.015  0.000  0.256
        3  0.03828   0.000 -0.015  1.000 -0.000 -0.038
        4  0.01591   0.016  0.000 -0.000  1.000  0.002
        5  0.27342  -0.106  0.256 -0.038  0.002  1.000
 **********
 **   18 **HESSE        2500
 **********
 COVARIANCE MATRIX CALCULATED SUCCESSFULLY
 FCN=17575.8 FROM HESSE     STATUS=OK             31 CALLS         311 TOTAL
                     EDM=3.66903e-05    STRATEGY= 1      ERROR MATRIX ACCURATE 
  EXT PARAMETER                                INTERNAL      INTERNAL  
  NO.   NAME      VALUE            ERROR       STEP SIZE       VALUE   
   1  sg_p0        4.80603e+02   4.87622e-01   3.11281e-04  -3.18584e-01
   2  sg_p1        2.73597e+01   3.76029e-01   8.28962e-05   2.36108e-01
   3  sg_p2        4.00000e+02   7.72173e+00   7.46888e-03  -1.57279e+00
   4  sg_p3        9.99999e+01   9.11980e+00   1.18323e-02   1.57260e+00
   5  sg_p4        9.52020e-01   5.29594e-03   8.73698e-05   1.12913e+00
                               ERR DEF= 0.5
 EXTERNAL ERROR MATRIX.    NDIM=  25    NPAR=  5    ERR DEF=0.5
  2.378e-01 -1.272e-02  2.233e-07  9.824e-05 -2.737e-04 
 -1.272e-02  1.414e-01 -4.487e-05  2.340e-07  5.111e-04 
  2.233e-07 -4.487e-05  5.902e-03 -1.148e-08 -1.609e-06 
  9.824e-05  2.340e-07 -1.148e-08  2.771e-03  1.224e-07 
 -2.737e-04  5.111e-04 -1.609e-06  1.224e-07  2.805e-05 
 PARAMETER  CORRELATION COEFFICIENTS  
       NO.  GLOBAL      1      2      3      4      5
        1  0.11467   1.000 -0.069  0.000  0.004 -0.106
        2  0.26008  -0.069  1.000 -0.002  0.000  0.257
        3  0.00402   0.000 -0.002  1.000 -0.000 -0.004
        4  0.00392   0.004  0.000 -0.000  1.000  0.000
        5  0.27142  -0.106  0.257 -0.004  0.000  1.000
500
480.603 +- 0.487622
27.3597 +- 0.376029
[#0] WARNING:InputArguments -- RooAbsPdf::fitTo(signal) WARNING: a likelihood fit is request of what appears to be weighted data. 
       While the estimated values of the parameters will always be calculated taking the weights into account, 
       there are multiple ways to estimate the errors on these parameter values. You are advised to make an 
       explicit choice on the error calculation: 
           - Either provide SumW2Error(kTRUE), to calculate a sum-of-weights corrected HESSE error matrix 
             (error will be proportional to the number of events)
           - Or provide SumW2Error(kFALSE), to return errors from original HESSE error matrix
             (which will be proportional to the sum of the weights)
       If you want the errors to reflect the information contained in the provided dataset, choose kTRUE. 
       If you want the errors to reflect the precision you would be able to obtain with an unweighted dataset 
       with 'sum-of-weights' events, choose kFALSE.
 **********
 **   13 **MIGRAD        2500           1
 **********
 FIRST CALL TO USER FUNCTION AT NEW START POINT, WITH IFLAG=4.
 START MIGRAD MINIMIZATION.  STRATEGY  1.  CONVERGENCE WHEN EDM .LT. 1.00e-03
 FCN=16835.6 FROM MIGRAD    STATUS=INITIATE       46 CALLS          47 TOTAL
                     EDM= unknown      STRATEGY= 1      NO ERROR MATRIX       
  EXT PARAMETER               CURRENT GUESS       STEP         FIRST   
  NO.   NAME      VALUE            ERROR          SIZE      DERIVATIVE 
   1  sg_p0        5.00000e+02   4.00000e+00   0.00000e+00  -3.93448e+02
   2  sg_p1        1.85000e+01   2.30000e+00   0.00000e+00   4.78837e+02
   3  sg_p2        4.95000e+02   1.90000e+01   0.00000e+00  -1.66272e+02
   4  sg_p3        4.24477e+01   1.40000e+01  -5.66239e-01   4.08068e+01
   5  sg_p4        5.00000e-01   1.00000e-01   0.00000e+00  -6.94465e+02
                               ERR DEF= 0.5
 MIGRAD MINIMIZATION HAS CONVERGED.
 MIGRAD WILL VERIFY CONVERGENCE AND ERROR MATRIX.
 COVARIANCE MATRIX CALCULATED SUCCESSFULLY
 FCN=16163.1 FROM HESSE     STATUS=OK             31 CALLS         270 TOTAL
                     EDM=0.0123886    STRATEGY= 1      ERROR MATRIX ACCURATE 
  EXT PARAMETER                                   STEP         FIRST   
  NO.   NAME      VALUE            ERROR          SIZE      DERIVATIVE 
   1  sg_p0        5.03549e+02   3.01469e-01   1.32569e-03   7.22248e-02
   2  sg_p1        1.64694e+01   2.69674e-01   1.82958e-03   1.11175e-01
   3  sg_p2        4.52623e+02   1.84688e+01   1.67733e-02  -5.64013e-01
   4  sg_p3        1.31659e+02   2.60244e+01   4.76520e-02  -2.04899e-01
   5  sg_p4        9.27815e-01   7.08262e-03   2.04007e-03  -6.32432e-02
                               ERR DEF= 0.5
 MIGRAD MINIMIZATION HAS CONVERGED.
 FCN=16163.1 FROM MIGRAD    STATUS=CONVERGED     293 CALLS         294 TOTAL
                     EDM=1.39803e-05    STRATEGY= 1  ERROR MATRIX UNCERTAINTY   9.0 per cent
  EXT PARAMETER                                   STEP         FIRST   
  NO.   NAME      VALUE            ERROR          SIZE      DERIVATIVE 
   1  sg_p0        5.03541e+02   3.02714e-01  -6.04564e-05  -2.41635e-02
   2  sg_p1        1.64684e+01   2.71856e-01   1.82456e-04   2.35248e-02
   3  sg_p2        4.54550e+02   1.81378e+01  -3.71817e-04   2.34305e-03
   4  sg_p3        1.35056e+02   2.96709e+01   1.70336e-02  -8.15967e-03
   5  sg_p4        9.27449e-01   7.04529e-03   2.19134e-05  -1.27756e-02
                               ERR DEF= 0.5
 EXTERNAL ERROR MATRIX.    NDIM=  25    NPAR=  5    ERR DEF=0.5
  9.164e-02 -7.657e-03 -1.012e-01 -1.679e+00 -7.191e-05 
 -7.657e-03  7.392e-02 -1.518e+00  2.592e+00  7.352e-04 
 -1.012e-01 -1.518e+00  3.340e+02 -8.231e+01 -5.363e-02 
 -1.679e+00  2.592e+00 -8.231e+01  1.069e+03 -1.492e-03 
 -7.191e-05  7.352e-04 -5.363e-02 -1.492e-03  4.965e-05 
 PARAMETER  CORRELATION COEFFICIENTS  
       NO.  GLOBAL      1      2      3      4      5
        1  0.18907   1.000 -0.093 -0.018 -0.170 -0.034
        2  0.49868  -0.093  1.000 -0.305  0.292  0.384
        3  0.45946  -0.018 -0.305  1.000 -0.138 -0.416
        4  0.36545  -0.170  0.292 -0.138  1.000 -0.006
        5  0.51683  -0.034  0.384 -0.416 -0.006  1.000
 **********
 **   18 **HESSE        2500
 **********
 COVARIANCE MATRIX CALCULATED SUCCESSFULLY
 FCN=16163.1 FROM HESSE     STATUS=OK             39 CALLS         333 TOTAL
                     EDM=4.95712e-07    STRATEGY= 1      ERROR MATRIX ACCURATE 
  EXT PARAMETER                                INTERNAL      INTERNAL  
  NO.   NAME      VALUE            ERROR       STEP SIZE       VALUE   
   1  sg_p0        5.03541e+02   3.01948e-01   1.32548e-03   1.78010e-01
   2  sg_p1        1.64684e+01   2.69373e-01   1.82921e-03  -1.77589e-01
   3  sg_p2        4.54550e+02   1.88889e+01   1.71373e-02  -4.39830e-01
   4  sg_p3        1.35056e+02   2.91667e+01   5.83968e-02   9.05144e-01
   5  sg_p4        9.27449e-01   7.08973e-03   2.04457e-03   1.02536e+00
                               ERR DEF= 0.5
 EXTERNAL ERROR MATRIX.    NDIM=  25    NPAR=  5    ERR DEF=0.5
  9.118e-02 -6.694e-03 -1.967e-01 -1.492e+00 -6.118e-05 
 -6.694e-03  7.258e-02 -1.499e+00  2.192e+00  7.371e-04 
 -1.967e-01 -1.499e+00  3.627e+02 -4.939e+01 -5.738e-02 
 -1.492e+00  2.192e+00 -4.939e+01  1.025e+03 -5.946e-03 
 -6.118e-05  7.371e-04 -5.738e-02 -5.946e-03  5.028e-05 
 PARAMETER  CORRELATION COEFFICIENTS  
       NO.  GLOBAL      1      2      3      4      5
        1  0.17693   1.000 -0.082 -0.034 -0.154 -0.029
        2  0.48331  -0.082  1.000 -0.292  0.254  0.386
        3  0.45514  -0.034 -0.292  1.000 -0.081 -0.425
        4  0.32411  -0.154  0.254 -0.081  1.000 -0.026
        5  0.52326  -0.029  0.386 -0.425 -0.026  1.000
500
503.541 +- 0.301948
16.4684 +- 0.269373
 fit done 
[#0] WARNING:InputArguments -- RooAbsPdf::fitTo(signal) WARNING: a likelihood fit is request of what appears to be weighted data. 
       While the estimated values of the parameters will always be calculated taking the weights into account, 
       there are multiple ways to estimate the errors on these parameter values. You are advised to make an 
       explicit choice on the error calculation: 
           - Either provide SumW2Error(kTRUE), to calculate a sum-of-weights corrected HESSE error matrix 
             (error will be proportional to the number of events)
           - Or provide SumW2Error(kFALSE), to return errors from original HESSE error matrix
             (which will be proportional to the sum of the weights)
       If you want the errors to reflect the information contained in the provided dataset, choose kTRUE. 
       If you want the errors to reflect the precision you would be able to obtain with an unweighted dataset 
       with 'sum-of-weights' events, choose kFALSE.
 **********
 **   13 **MIGRAD        2500           1
 **********
 FIRST CALL TO USER FUNCTION AT NEW START POINT, WITH IFLAG=4.
 START MIGRAD MINIMIZATION.  STRATEGY  1.  CONVERGENCE WHEN EDM .LT. 1.00e-03
 FCN=16739.6 FROM MIGRAD    STATUS=INITIATE       45 CALLS          46 TOTAL
                     EDM= unknown      STRATEGY= 1      NO ERROR MATRIX       
  EXT PARAMETER               CURRENT GUESS       STEP         FIRST   
  NO.   NAME      VALUE            ERROR          SIZE      DERIVATIVE 
   1  sg_p0        5.00000e+02   4.00000e+00   0.00000e+00  -4.55651e+02
   2  sg_p1        1.85000e+01   2.30000e+00   0.00000e+00   4.48786e+02
   3  sg_p2        4.95000e+02   1.90000e+01   0.00000e+00  -2.68451e+02
   4  sg_p3        4.32221e+01   1.40000e+01  -5.53184e-01   1.18283e+02
   5  sg_p4        5.00000e-01   1.00000e-01   0.00000e+00  -6.96034e+02
                               ERR DEF= 0.5
 MIGRAD MINIMIZATION HAS CONVERGED.
 MIGRAD WILL VERIFY CONVERGENCE AND ERROR MATRIX.
 COVARIANCE MATRIX CALCULATED SUCCESSFULLY
 FCN=16081.3 FROM MIGRAD    STATUS=CONVERGED     313 CALLS         314 TOTAL
                     EDM=8.68132e-05    STRATEGY= 1      ERROR MATRIX ACCURATE 
  EXT PARAMETER                                   STEP         FIRST   
  NO.   NAME      VALUE            ERROR          SIZE      DERIVATIVE 
   1  sg_p0        5.04220e+02   3.07707e-01   1.35237e-03   1.08303e-01
   2  sg_p1        1.66795e+01   2.77507e-01   1.84894e-03   6.94551e-02
   3  sg_p2        4.62822e+02   1.91078e+01   1.68854e-02  -1.14748e-02
   4  sg_p3        1.35582e+02   3.03789e+01   6.57946e-02   1.08838e-02
   5  sg_p4        9.28230e-01   7.23504e-03   2.06982e-03  -3.02724e-02
                               ERR DEF= 0.5
 EXTERNAL ERROR MATRIX.    NDIM=  25    NPAR=  5    ERR DEF=0.5
  9.469e-02 -7.947e-03 -3.583e-01 -1.715e+00 -8.078e-05 
 -7.947e-03  7.703e-02 -1.315e+00  2.634e+00  8.091e-04 
 -3.583e-01 -1.315e+00  3.708e+02  4.728e+01 -6.075e-02 
 -1.715e+00  2.634e+00  4.728e+01  1.145e+03  2.032e-03 
 -8.078e-05  8.091e-04 -6.075e-02  2.032e-03  5.236e-05 
 PARAMETER  CORRELATION COEFFICIENTS  
       NO.  GLOBAL      1      2      3      4      5
        1  0.18853   1.000 -0.093 -0.060 -0.165 -0.036
        2  0.50124  -0.093  1.000 -0.246  0.281  0.403
        3  0.46006  -0.060 -0.246  1.000  0.073 -0.436
        4  0.34759  -0.165  0.281  0.073  1.000  0.008
        5  0.53639  -0.036  0.403 -0.436  0.008  1.000
 **********
 **   18 **HESSE        2500
 **********
 COVARIANCE MATRIX CALCULATED SUCCESSFULLY
 FCN=16081.3 FROM HESSE     STATUS=OK             31 CALLS         345 TOTAL
                     EDM=9.10947e-05    STRATEGY= 1      ERROR MATRIX ACCURATE 
  EXT PARAMETER                                INTERNAL      INTERNAL  
  NO.   NAME      VALUE            ERROR       STEP SIZE       VALUE   
   1  sg_p0        5.04220e+02   3.08377e-01   2.70474e-04   2.12615e-01
   2  sg_p1        1.66795e+01   2.80568e-01   3.69788e-04  -1.58971e-01
   3  sg_p2        4.62822e+02   1.90695e+01   6.75418e-04  -3.45556e-01
   4  sg_p3        1.35582e+02   3.07077e+01   2.63178e-03   9.17410e-01
   5  sg_p4        9.28230e-01   7.23811e-03   4.13965e-04   1.02837e+00
                               ERR DEF= 0.5
 EXTERNAL ERROR MATRIX.    NDIM=  25    NPAR=  5    ERR DEF=0.5
  9.510e-02 -8.877e-03 -3.212e-01 -1.872e+00 -9.078e-05 
 -8.877e-03  7.873e-02 -1.370e+00  3.011e+00  8.254e-04 
 -3.212e-01 -1.370e+00  3.693e+02  2.368e+01 -6.065e-02 
 -1.872e+00  3.011e+00  2.368e+01  1.177e+03  7.626e-03 
 -9.078e-05  8.254e-04 -6.065e-02  7.626e-03  5.240e-05 
 PARAMETER  CORRELATION COEFFICIENTS  
       NO.  GLOBAL      1      2      3      4      5
        1  0.19932   1.000 -0.103 -0.054 -0.177 -0.041
        2  0.51720  -0.103  1.000 -0.254  0.313  0.406
        3  0.45661  -0.054 -0.254  1.000  0.036 -0.436
        4  0.36806  -0.177  0.313  0.036  1.000  0.031
        5  0.53695  -0.041  0.406 -0.436  0.031  1.000
500
504.22 +- 0.308377
16.6795 +- 0.280568
[#0] WARNING:InputArguments -- RooAbsPdf::fitTo(signal) WARNING: a likelihood fit is request of what appears to be weighted data. 
       While the estimated values of the parameters will always be calculated taking the weights into account, 
       there are multiple ways to estimate the errors on these parameter values. You are advised to make an 
       explicit choice on the error calculation: 
           - Either provide SumW2Error(kTRUE), to calculate a sum-of-weights corrected HESSE error matrix 
             (error will be proportional to the number of events)
           - Or provide SumW2Error(kFALSE), to return errors from original HESSE error matrix
             (which will be proportional to the sum of the weights)
       If you want the errors to reflect the information contained in the provided dataset, choose kTRUE. 
       If you want the errors to reflect the precision you would be able to obtain with an unweighted dataset 
       with 'sum-of-weights' events, choose kFALSE.
 **********
 **   13 **MIGRAD        2500           1
 **********
 FIRST CALL TO USER FUNCTION AT NEW START POINT, WITH IFLAG=4.
 START MIGRAD MINIMIZATION.  STRATEGY  1.  CONVERGENCE WHEN EDM .LT. 1.00e-03
 FCN=16548.5 FROM MIGRAD    STATUS=INITIATE       40 CALLS          41 TOTAL
                     EDM= unknown      STRATEGY= 1      NO ERROR MATRIX       
  EXT PARAMETER               CURRENT GUESS       STEP         FIRST   
  NO.   NAME      VALUE            ERROR          SIZE      DERIVATIVE 
   1  sg_p0        5.00000e+02   4.00000e+00   0.00000e+00  -3.23108e+02
   2  sg_p1        1.85000e+01   2.30000e+00   0.00000e+00   5.18946e+02
   3  sg_p2        4.95000e+02   1.90000e+01   0.00000e+00  -1.42436e+02
   4  sg_p3        4.43542e+01   1.40000e+01  -5.34286e-01   2.49400e+02
   5  sg_p4        5.00000e-01   1.00000e-01   0.00000e+00  -7.66244e+02
                               ERR DEF= 0.5
 MIGRAD MINIMIZATION HAS CONVERGED.
 MIGRAD WILL VERIFY CONVERGENCE AND ERROR MATRIX.
 COVARIANCE MATRIX CALCULATED SUCCESSFULLY
 FCN=15889.1 FROM HESSE     STATUS=OK             37 CALLS         242 TOTAL
                     EDM=0.000693776    STRATEGY= 1      ERROR MATRIX ACCURATE 
  EXT PARAMETER                                   STEP         FIRST   
  NO.   NAME      VALUE            ERROR          SIZE      DERIVATIVE 
   1  sg_p0        5.02838e+02   2.97826e-01   1.28795e-03  -1.05531e-02
   2  sg_p1        1.60782e+01   2.67978e-01   1.80577e-03   2.44112e-02
   3  sg_p2        4.64332e+02   1.37627e+01   1.17387e-02   2.07821e-01
   4  sg_p3        1.14468e+02   2.01486e+01   2.64964e-02   5.48597e-02
   5  sg_p4        9.27839e-01   7.15691e-03   2.03796e-03   1.57814e-01
                               ERR DEF= 0.5
 MIGRAD MINIMIZATION HAS CONVERGED.
 FCN=15889.1 FROM MIGRAD    STATUS=CONVERGED     254 CALLS         255 TOTAL
                     EDM=9.17556e-06    STRATEGY= 1  ERROR MATRIX UNCERTAINTY   2.8 per cent
  EXT PARAMETER                                   STEP         FIRST   
  NO.   NAME      VALUE            ERROR          SIZE      DERIVATIVE 
   1  sg_p0        5.02840e+02   2.97434e-01   8.32709e-05  -7.82024e-03
   2  sg_p1        1.60782e+01   2.67892e-01  -2.85162e-06   4.43301e-03
   3  sg_p2        4.63894e+02   1.38330e+01  -4.87307e-03  -3.70669e-03
   4  sg_p3        1.14016e+02   1.92315e+01  -7.40995e-03  -1.25650e-02
   5  sg_p4        9.27892e-01   7.16442e-03   2.06750e-04   1.26344e-03
                               ERR DEF= 0.5
 EXTERNAL ERROR MATRIX.    NDIM=  25    NPAR=  5    ERR DEF=0.5
  8.847e-02 -6.452e-03 -2.568e-01 -8.771e-01 -8.776e-05 
 -6.452e-03  7.178e-02 -9.238e-01  1.447e+00  8.030e-04 
 -2.568e-01 -9.238e-01  1.929e+02  9.107e+00 -4.221e-02 
 -8.771e-01  1.447e+00  9.107e+00  3.827e+02  1.223e-02 
 -8.776e-05  8.030e-04 -4.221e-02  1.223e-02  5.134e-05 
 PARAMETER  CORRELATION COEFFICIENTS  
       NO.  GLOBAL      1      2      3      4      5
        1  0.17624   1.000 -0.081 -0.062 -0.151 -0.041
        2  0.49356  -0.081  1.000 -0.248  0.276  0.418
        3  0.44761  -0.062 -0.248  1.000  0.034 -0.424
        4  0.31902  -0.151  0.276  0.034  1.000  0.087
        5  0.53440  -0.041  0.418 -0.424  0.087  1.000
 **********
 **   18 **HESSE        2500
 **********
 COVARIANCE MATRIX CALCULATED SUCCESSFULLY
 FCN=15889.1 FROM HESSE     STATUS=OK             39 CALLS         294 TOTAL
                     EDM=3.03558e-06    STRATEGY= 1      ERROR MATRIX ACCURATE 
  EXT PARAMETER                                INTERNAL      INTERNAL  
  NO.   NAME      VALUE            ERROR       STEP SIZE       VALUE   
   1  sg_p0        5.02840e+02   2.97751e-01   5.15179e-04   1.42457e-01
   2  sg_p1        1.60782e+01   2.68158e-01   7.22309e-04  -2.12184e-01
   3  sg_p2        4.63894e+02   1.36806e+01   1.19116e-02  -3.33579e-01
   4  sg_p3        1.14016e+02   1.97620e+01   2.70009e-02   5.07434e-01
   5  sg_p4        9.27892e-01   7.16159e-03   2.03722e-03   1.02707e+00
                               ERR DEF= 0.5
 EXTERNAL ERROR MATRIX.    NDIM=  25    NPAR=  5    ERR DEF=0.5
  8.866e-02 -6.740e-03 -2.651e-01 -9.501e-01 -8.838e-05 
 -6.740e-03  7.192e-02 -8.846e-01  1.490e+00  8.010e-04 
 -2.651e-01 -8.846e-01  1.886e+02  2.011e+01 -4.167e-02 
 -9.501e-01  1.490e+00  2.011e+01  4.049e+02  1.100e-02 
 -8.838e-05  8.010e-04 -4.167e-02  1.100e-02  5.130e-05 
 PARAMETER  CORRELATION COEFFICIENTS  
       NO.  GLOBAL      1      2      3      4      5
        1  0.18198   1.000 -0.084 -0.065 -0.159 -0.041
        2  0.49512  -0.084  1.000 -0.240  0.276  0.417
        3  0.45379  -0.065 -0.240  1.000  0.073 -0.424
        4  0.33483  -0.159  0.276  0.073  1.000  0.076
        5  0.53499  -0.041  0.417 -0.424  0.076  1.000
500
502.84 +- 0.297751
16.0782 +- 0.268158
[#0] WARNING:InputArguments -- RooAbsPdf::fitTo(signal) WARNING: a likelihood fit is request of what appears to be weighted data. 
       While the estimated values of the parameters will always be calculated taking the weights into account, 
       there are multiple ways to estimate the errors on these parameter values. You are advised to make an 
       explicit choice on the error calculation: 
           - Either provide SumW2Error(kTRUE), to calculate a sum-of-weights corrected HESSE error matrix 
             (error will be proportional to the number of events)
           - Or provide SumW2Error(kFALSE), to return errors from original HESSE error matrix
             (which will be proportional to the sum of the weights)
       If you want the errors to reflect the information contained in the provided dataset, choose kTRUE. 
       If you want the errors to reflect the precision you would be able to obtain with an unweighted dataset 
       with 'sum-of-weights' events, choose kFALSE.
 **********
 **   13 **MIGRAD        2500           1
 **********
 FIRST CALL TO USER FUNCTION AT NEW START POINT, WITH IFLAG=4.
 START MIGRAD MINIMIZATION.  STRATEGY  1.  CONVERGENCE WHEN EDM .LT. 1.00e-03
 FCN=16477.8 FROM MIGRAD    STATUS=INITIATE       46 CALLS          47 TOTAL
                     EDM= unknown      STRATEGY= 1      NO ERROR MATRIX       
  EXT PARAMETER               CURRENT GUESS       STEP         FIRST   
  NO.   NAME      VALUE            ERROR          SIZE      DERIVATIVE 
   1  sg_p0        5.00000e+02   4.00000e+00   0.00000e+00  -3.86200e+02
   2  sg_p1        1.85000e+01   2.30000e+00   0.00000e+00   4.57301e+02
   3  sg_p2        4.95000e+02   1.90000e+01   0.00000e+00  -1.88126e+02
   4  sg_p3        4.29079e+01   1.40000e+01  -5.58468e-01   8.72628e+01
   5  sg_p4        5.00000e-01   1.00000e-01   0.00000e+00  -6.83965e+02
                               ERR DEF= 0.5
 MIGRAD MINIMIZATION HAS CONVERGED.
 MIGRAD WILL VERIFY CONVERGENCE AND ERROR MATRIX.
 COVARIANCE MATRIX CALCULATED SUCCESSFULLY
 FCN=15837 FROM HESSE     STATUS=OK             33 CALLS         278 TOTAL
                     EDM=0.00228562    STRATEGY= 1      ERROR MATRIX ACCURATE 
  EXT PARAMETER                                   STEP         FIRST   
  NO.   NAME      VALUE            ERROR          SIZE      DERIVATIVE 
   1  sg_p0        5.03601e+02   3.08955e-01   1.34585e-03   3.00627e-01
   2  sg_p1        1.67537e+01   2.75890e-01   1.84217e-03   1.71804e-01
   3  sg_p2        4.49584e+02   2.10318e+01   1.89093e-02  -1.86124e-01
   4  sg_p3        1.37208e+02   2.92076e+01   6.33389e-02  -7.21712e-02
   5  sg_p4        9.31031e-01   7.12595e-03   2.05778e-03  -2.05034e-01
                               ERR DEF= 0.5
 MIGRAD MINIMIZATION HAS CONVERGED.
 FCN=15837 FROM MIGRAD    STATUS=CONVERGED     290 CALLS         291 TOTAL
                     EDM=9.94244e-05    STRATEGY= 1  ERROR MATRIX UNCERTAINTY   5.2 per cent
  EXT PARAMETER                                   STEP         FIRST   
  NO.   NAME      VALUE            ERROR          SIZE      DERIVATIVE 
   1  sg_p0        5.03597e+02   3.10422e-01  -2.20880e-04   7.26010e-03
   2  sg_p1        1.67527e+01   2.74763e-01  -8.54234e-05  -2.36066e-02
   3  sg_p2        4.50350e+02   1.99263e+01   9.15141e-03   7.10266e-03
   4  sg_p3        1.38778e+02   3.01976e+01   4.00555e-02  -1.66420e-02
   5  sg_p4        9.30902e-01   7.07722e-03  -5.07201e-04  -3.19630e-03
                               ERR DEF= 0.5
 EXTERNAL ERROR MATRIX.    NDIM=  25    NPAR=  5    ERR DEF=0.5
  9.637e-02 -7.329e-03 -9.169e-02 -1.905e+00 -5.097e-05 
 -7.329e-03  7.551e-02 -1.688e+00  2.407e+00  7.425e-04 
 -9.169e-02 -1.688e+00  4.048e+02 -1.012e+02 -6.013e-02 
 -1.905e+00  2.407e+00 -1.012e+02  1.218e+03 -1.228e-02 
 -5.097e-05  7.425e-04 -6.013e-02 -1.228e-02  5.010e-05 
 PARAMETER  CORRELATION COEFFICIENTS  
       NO.  GLOBAL      1      2      3      4      5
        1  0.19304   1.000 -0.086 -0.015 -0.176 -0.023
        2  0.48229  -0.086  1.000 -0.305  0.251  0.382
        3  0.47089  -0.015 -0.305  1.000 -0.144 -0.422
        4  0.36202  -0.176  0.251 -0.144  1.000 -0.050
        5  0.52945  -0.023  0.382 -0.422 -0.050  1.000
 **********
 **   18 **HESSE        2500
 **********
 COVARIANCE MATRIX CALCULATED SUCCESSFULLY
 FCN=15837 FROM HESSE     STATUS=OK             41 CALLS         332 TOTAL
                     EDM=6.005e-05    STRATEGY= 1      ERROR MATRIX ACCURATE 
  EXT PARAMETER                                INTERNAL      INTERNAL  
  NO.   NAME      VALUE            ERROR       STEP SIZE       VALUE   
   1  sg_p0        5.03597e+02   3.09136e-01   1.34573e-03   1.80817e-01
   2  sg_p1        1.67527e+01   2.75606e-01   1.84171e-03  -1.52530e-01
   3  sg_p2        4.50350e+02   2.12182e+01   1.91941e-02  -4.89291e-01
   4  sg_p3        1.38778e+02   3.03916e+01   7.62661e-02   9.96701e-01
   5  sg_p4        9.30902e-01   7.12819e-03   2.05809e-03   1.03882e+00
                               ERR DEF= 0.5
 EXTERNAL ERROR MATRIX.    NDIM=  25    NPAR=  5    ERR DEF=0.5
  9.557e-02 -6.148e-03 -1.876e-01 -1.605e+00 -4.622e-05 
 -6.148e-03  7.597e-02 -1.916e+00  2.306e+00  7.753e-04 
 -1.876e-01 -1.916e+00  4.602e+02 -1.123e+02 -6.665e-02 
 -1.605e+00  2.306e+00 -1.123e+02  1.240e+03 -9.523e-03 
 -4.622e-05  7.753e-04 -6.665e-02 -9.523e-03  5.082e-05 
 PARAMETER  CORRELATION COEFFICIENTS  
       NO.  GLOBAL      1      2      3      4      5
        1  0.17020   1.000 -0.072 -0.028 -0.147 -0.021
        2  0.48615  -0.072  1.000 -0.324  0.238  0.395
        3  0.48715  -0.028 -0.324  1.000 -0.149 -0.436
        4  0.33778  -0.147  0.238 -0.149  1.000 -0.038
        5  0.53739  -0.021  0.395 -0.436 -0.038  1.000
500
503.597 +- 0.309136
16.7527 +- 0.275606
[#0] WARNING:InputArguments -- RooAbsPdf::fitTo(signal) WARNING: a likelihood fit is request of what appears to be weighted data. 
       While the estimated values of the parameters will always be calculated taking the weights into account, 
       there are multiple ways to estimate the errors on these parameter values. You are advised to make an 
       explicit choice on the error calculation: 
           - Either provide SumW2Error(kTRUE), to calculate a sum-of-weights corrected HESSE error matrix 
             (error will be proportional to the number of events)
           - Or provide SumW2Error(kFALSE), to return errors from original HESSE error matrix
             (which will be proportional to the sum of the weights)
       If you want the errors to reflect the information contained in the provided dataset, choose kTRUE. 
       If you want the errors to reflect the precision you would be able to obtain with an unweighted dataset 
       with 'sum-of-weights' events, choose kFALSE.
 **********
 **   13 **MIGRAD        2500           1
 **********
 FIRST CALL TO USER FUNCTION AT NEW START POINT, WITH IFLAG=4.
 START MIGRAD MINIMIZATION.  STRATEGY  1.  CONVERGENCE WHEN EDM .LT. 1.00e-03
 FCN=16981.8 FROM MIGRAD    STATUS=INITIATE       47 CALLS          48 TOTAL
                     EDM= unknown      STRATEGY= 1      NO ERROR MATRIX       
  EXT PARAMETER               CURRENT GUESS       STEP         FIRST   
  NO.   NAME      VALUE            ERROR          SIZE      DERIVATIVE 
   1  sg_p0        5.00000e+02   4.00000e+00   0.00000e+00  -4.05566e+02
   2  sg_p1        1.85000e+01   2.30000e+00   0.00000e+00   4.79846e+02
   3  sg_p2        4.95000e+02   1.90000e+01   0.00000e+00  -2.38683e+02
   4  sg_p3        3.85734e+01   1.40000e+01  -6.33300e-01  -1.09954e+02
   5  sg_p4        5.00000e-01   1.00000e-01   0.00000e+00  -6.06818e+02
                               ERR DEF= 0.5
 MIGRAD MINIMIZATION HAS CONVERGED.
 MIGRAD WILL VERIFY CONVERGENCE AND ERROR MATRIX.
 COVARIANCE MATRIX CALCULATED SUCCESSFULLY
 FCN=16302.6 FROM HESSE     STATUS=OK             33 CALLS         261 TOTAL
                     EDM=0.000884701    STRATEGY= 1      ERROR MATRIX ACCURATE 
